{
  "depot_id": 0,
  "depot_index": 0,
  "vehicle_cap": 200,
  "max_vehicles": 25,
  "nodes": [
    {
      "id": 0,
      "x": 50.0,
      "y": 50.0,
      "demand": 0,
      "tw": [
        0,
        1000
      ],
      "service": 0
    },
    {
      "id": 1,
      "x": 7.068542315149468,
      "y": 28.3690399277121,
      "demand": -9,
      "tw": [
        61,
        839
      ],
      "service": 11
    },
    {
      "id": 2,
      "x": 41.10661993092829,
      "y": 63.072685226706476,
      "demand": -20,
      "tw": [
        99,
        716
      ],
      "service": 10
    },
    {
      "id": 3,
      "x": 50.462481545393146,
      "y": 60.77820087369317,
      "demand": -7,
      "tw": [
        93,
        718
      ],
      "service": 8
    },
    {
      "id": 4,
      "x": 47.91463871857128,
      "y": 23.807014199762033,
      "demand": -6,
      "tw": [
        107,
        778
      ],
      "service": 15
    },
    {
      "id": 5,
      "x": -7.971351476382825,
      "y": 61.259384733811416,
      "demand": -8,
      "tw": [
        60,
        690
      ],
      "service": 7
    },
    {
      "id": 6,
      "x": 12.361795552624768,
      "y": 41.730975223646006,
      "demand": -9,
      "tw": [
        78,
        712
      ],
      "service": 14
    },
    {
      "id": 7,
      "x": 20.97043255889654,
      "y": 33.38099767177924,
      "demand": -10,
      "tw": [
        91,
        887
      ],
      "service": 6
    },
    {
      "id": 8,
      "x": 27.805065379662842,
      "y": 48.30182335008335,
      "demand": -18,
      "tw": [
        136,
        899
      ],
      "service": 7
    },
    {
      "id": 9,
      "x": 30.018343752487617,
      "y": 30.448895104028978,
      "demand": -7,
      "tw": [
        142,
        853
      ],
      "service": 11
    },
    {
      "id": 10,
      "x": 38.66024280776699,
      "y": 34.76530168544361,
      "demand": -17,
      "tw": [
        68,
        732
      ],
      "service": 9
    },
    {
      "id": 11,
      "x": -12.550848757663253,
      "y": 50.96169893322764,
      "demand": -17,
      "tw": [
        61,
        783
      ],
      "service": 8
    },
    {
      "id": 12,
      "x": -2.7828345717976504,
      "y": 55.354853314065224,
      "demand": -19,
      "tw": [
        98,
        804
      ],
      "service": 5
    },
    {
      "id": 13,
      "x": 2.7917326943209524,
      "y": 42.308889115403495,
      "demand": -13,
      "tw": [
        56,
        853
      ],
      "service": 8
    },
    {
      "id": 14,
      "x": 7.960626422072307,
      "y": 65.20502189270721,
      "demand": -5,
      "tw": [
        118,
        870
      ],
      "service": 11
    },
    {
      "id": 15,
      "x": -29.43289000254579,
      "y": 34.062094890590465,
      "demand": -8,
      "tw": [
        84,
        869
      ],
      "service": 14
    },
    {
      "id": 16,
      "x": 87.20215285332101,
      "y": 19.943777878843576,
      "demand": -13,
      "tw": [
        123,
        910
      ],
      "service": 6
    },
    {
      "id": 17,
      "x": 15.3197013893422,
      "y": 69.28965194320472,
      "demand": -15,
      "tw": [
        107,
        875
      ],
      "service": 6
    },
    {
      "id": 18,
      "x": 73.62138494879122,
      "y": 26.130185603819562,
      "demand": -8,
      "tw": [
        66,
        698
      ],
      "service": 13
    },
    {
      "id": 19,
      "x": 63.21577765569601,
      "y": 51.845233981529546,
      "demand": -14,
      "tw": [
        85,
        860
      ],
      "service": 9
    },
    {
      "id": 20,
      "x": 75.32795515772617,
      "y": 45.13079268561747,
      "demand": -18,
      "tw": [
        87,
        779
      ],
      "service": 8
    },
    {
      "id": 21,
      "x": 69.80875041410009,
      "y": 50.217631207398334,
      "demand": -10,
      "tw": [
        73,
        852
      ],
      "service": 9
    },
    {
      "id": 22,
      "x": 53.48422888911909,
      "y": 82.51776887716376,
      "demand": -19,
      "tw": [
        112,
        735
      ],
      "service": 15
    },
    {
      "id": 23,
      "x": 60.216644245713425,
      "y": 36.79244917256689,
      "demand": -5,
      "tw": [
        63,
        821
      ],
      "service": 11
    },
    {
      "id": 24,
      "x": 52.67688735810572,
      "y": 81.51140664407662,
      "demand": -13,
      "tw": [
        128,
        758
      ],
      "service": 8
    },
    {
      "id": 25,
      "x": 29.87913118515726,
      "y": 69.51570340581415,
      "demand": -10,
      "tw": [
        53,
        766
      ],
      "service": 13
    },
    {
      "id": 26,
      "x": 80.14125094093995,
      "y": 37.366539897272595,
      "demand": -8,
      "tw": [
        132,
        754
      ],
      "service": 14
    },
    {
      "id": 27,
      "x": 20.199092986558593,
      "y": 41.78298324482938,
      "demand": -14,
      "tw": [
        129,
        758
      ],
      "service": 7
    },
    {
      "id": 28,
      "x": 67.7802054714453,
      "y": 67.60292292368595,
      "demand": -11,
      "tw": [
        114,
        852
      ],
      "service": 10
    },
    {
      "id": 29,
      "x": 30.14392471255622,
      "y": 37.65567948031355,
      "demand": -9,
      "tw": [
        68,
        849
      ],
      "service": 11
    },
    {
      "id": 30,
      "x": 42.06811334109119,
      "y": 46.96046429153061,
      "demand": -16,
      "tw": [
        144,
        774
      ],
      "service": 11
    },
    {
      "id": 31,
      "x": 128.91503959233654,
      "y": 52.58442363950455,
      "demand": 36,
      "tw": [
        603,
        1277
      ],
      "service": 15
    },
    {
      "id": 32,
      "x": 115.64327237072158,
      "y": 61.805492381235766,
      "demand": 23,
      "tw": [
        784,
        1425
      ],
      "service": 6
    },
    {
      "id": 33,
      "x": 117.64048992950067,
      "y": 76.90840092309955,
      "demand": 35,
      "tw": [
        684,
        1331
      ],
      "service": 15
    },
    {
      "id": 34,
      "x": 78.1954467188758,
      "y": 65.62146535232905,
      "demand": 53,
      "tw": [
        622,
        1318
      ],
      "service": 14
    },
    {
      "id": 35,
      "x": 81.11449824577389,
      "y": 71.88383036941897,
      "demand": 26,
      "tw": [
        718,
        1297
      ],
      "service": 5
    },
    {
      "id": 36,
      "x": 36.815779331672076,
      "y": 74.22827588784091,
      "demand": 36,
      "tw": [
        600,
        1166
      ],
      "service": 9
    },
    {
      "id": 37,
      "x": 52.99164823503383,
      "y": 83.58844931302085,
      "demand": 42,
      "tw": [
        669,
        1238
      ],
      "service": 13
    },
    {
      "id": 38,
      "x": 46.17743527118457,
      "y": 27.968385835198557,
      "demand": 37,
      "tw": [
        690,
        1218
      ],
      "service": 6
    },
    {
      "id": 39,
      "x": 49.869421819158376,
      "y": 43.514035960363834,
      "demand": 32,
      "tw": [
        782,
        1354
      ],
      "service": 11
    },
    {
      "id": 40,
      "x": 60.58114303356243,
      "y": 11.047556527066691,
      "demand": 36,
      "tw": [
        732,
        1267
      ],
      "service": 15
    }
  ],
  "pairings": [
    [
      1,
      31
    ],
    [
      2,
      31
    ],
    [
      3,
      31
    ],
    [
      4,
      32
    ],
    [
      5,
      32
    ],
    [
      6,
      32
    ],
    [
      7,
      33
    ],
    [
      8,
      33
    ],
    [
      9,
      33
    ],
    [
      10,
      34
    ],
    [
      11,
      34
    ],
    [
      12,
      34
    ],
    [
      13,
      35
    ],
    [
      14,
      35
    ],
    [
      15,
      35
    ],
    [
      16,
      36
    ],
    [
      17,
      36
    ],
    [
      18,
      36
    ],
    [
      19,
      37
    ],
    [
      20,
      37
    ],
    [
      21,
      37
    ],
    [
      22,
      38
    ],
    [
      23,
      38
    ],
    [
      24,
      38
    ],
    [
      25,
      39
    ],
    [
      26,
      39
    ],
    [
      27,
      39
    ],
    [
      28,
      40
    ],
    [
      29,
      40
    ],
    [
      30,
      40
    ]
  ],
  "distance_matrix": [
    [
      0.0,
      48.07,
      15.81,
      10.79,
      26.28,
      59.05,
      38.54,
      33.45,
      22.26,
      27.96,
      18.99,
      62.56,
      53.05,
      47.83,
      44.7,
      81.02,
      47.83,
      39.68,
      33.58,
      13.34,
      25.79,
      19.81,
      32.7,
      16.7,
      31.62,
      28.03,
      32.68,
      30.91,
      25.02,
      23.38,
      8.49,
      78.96,
      66.7,
      72.8,
      32.23,
      38.04,
      27.58,
      33.72,
      22.36,
      6.49,
      40.36
    ],
    [
      48.07,
      0.0,
      48.61,
      54.16,
      41.1,
      36.17,
      14.37,
      14.78,
      28.76,
      23.04,
      32.23,
      29.92,
      28.73,
      14.58,
      36.85,
      36.94,
      80.58,
      41.74,
      66.59,
      60.86,
      70.29,
      66.44,
      71.32,
      53.81,
      70.03,
      47.05,
      73.62,
      18.77,
      72.29,
      24.87,
      39.63,
      124.23,
      113.61,
      120.76,
      80.29,
      85.89,
      54.66,
      71.82,
      39.11,
      45.4,
      56.25
    ],
    [
      15.81,
      48.61,
      0.0,
      9.63,
      39.85,
      49.11,
      35.8,
      35.88,
      19.88,
      34.46,
      28.41,
      55.01,
      44.56,
      43.58,
      33.21,
      76.27,
      63.13,
      26.53,
      49.21,
      24.8,
      38.64,
      31.45,
      23.05,
      32.49,
      21.77,
      12.94,
      46.74,
      29.84,
      27.06,
      27.68,
      16.14,
      88.43,
      74.55,
      77.77,
      37.18,
      40.97,
      11.95,
      23.71,
      35.47,
      21.43,
      55.55
    ],
    [
      10.79,
      54.16,
      9.63,
      0.0,
      37.06,
      58.44,
      42.6,
      40.25,
      25.87,
      36.58,
      28.57,
      63.77,
      53.52,
      51.12,
      42.73,
      84.24,
      54.93,
      36.16,
      41.68,
      15.57,
      29.38,
      22.04,
      21.95,
      25.89,
      20.85,
      22.36,
      37.8,
      35.73,
      18.61,
      30.78,
      16.17,
      78.88,
      65.19,
      69.09,
      28.15,
      32.6,
      19.16,
      22.95,
      33.09,
      17.27,
      50.75
    ],
    [
      26.28,
      41.1,
      39.85,
      37.06,
      0.0,
      67.27,
      39.82,
      28.59,
      31.69,
      19.09,
      14.34,
      66.28,
      59.71,
      48.77,
      57.53,
      78.02,
      39.48,
      55.96,
      25.81,
      31.94,
      34.73,
      34.31,
      58.97,
      17.89,
      57.9,
      49.14,
      34.96,
      33.03,
      48.09,
      22.53,
      23.88,
      85.96,
      77.66,
      87.64,
      51.63,
      58.43,
      51.63,
      60.0,
      4.51,
      19.8,
      17.98
    ],
    [
      59.05,
      36.17,
      49.11,
      58.44,
      67.27,
      0.0,
      28.19,
      40.18,
      38.05,
      48.91,
      53.63,
      11.27,
      7.86,
      21.79,
      16.41,
      34.65,
      103.75,
      24.64,
      88.83,
      71.81,
      84.85,
      78.56,
      65.03,
      72.44,
      63.94,
      38.74,
      91.29,
      34.25,
      76.02,
      44.83,
      52.04,
      137.16,
      123.62,
      126.58,
      86.28,
      89.72,
      46.63,
      64.92,
      63.56,
      60.5,
      84.97
    ],
    [
      38.54,
      14.37,
      35.8,
      42.6,
      39.82,
      28.19,
      0.0,
      11.99,
      16.78,
      20.95,
      27.21,
      26.57,
      20.37,
      9.59,
      23.88,
      42.49,
      77.95,
      27.72,
      63.21,
      51.85,
      63.06,
      58.07,
      57.92,
      48.11,
      56.64,
      32.85,
      67.92,
      7.84,
      61.16,
      18.24,
      30.16,
      117.06,
      105.21,
      111.0,
      70.03,
      75.07,
      40.67,
      58.33,
      36.51,
      37.55,
      57.15
    ],
    [
      33.45,
      14.78,
      35.88,
      40.25,
      28.59,
      40.18,
      11.99,
      0.0,
      16.41,
      9.51,
      17.74,
      37.85,
      32.36,
      20.25,
      34.38,
      50.41,
      67.58,
      36.35,
      53.15,
      46.1,
      55.61,
      51.66,
      58.92,
      39.39,
      57.64,
      37.22,
      59.3,
      8.44,
      57.99,
      10.12,
      25.09,
      109.64,
      98.85,
      106.02,
      65.68,
      71.41,
      43.81,
      59.55,
      25.78,
      30.62,
      45.47
    ],
    [
      22.26,
      28.76,
      19.88,
      25.87,
      31.69,
      38.05,
      16.78,
      16.41,
      0.0,
      17.99,
      17.35,
      40.44,
      31.39,
      25.72,
      26.07,
      58.98,
      65.82,
      24.42,
      50.9,
      35.59,
      47.63,
      42.05,
      42.78,
      34.39,
      41.49,
      21.32,
      53.47,
      10.02,
      44.39,
      10.9,
      14.33,
      101.2,
      88.87,
      94.28,
      53.28,
      58.29,
      27.45,
      43.35,
      27.4,
      22.58,
      49.62
    ],
    [
      27.96,
      23.04,
      34.46,
      36.58,
      19.09,
      48.91,
      20.95,
      9.51,
      17.99,
      0.0,
      9.66,
      47.25,
      41.19,
      29.7,
      41.16,
      59.56,
      58.14,
      41.53,
      43.82,
      39.5,
      47.63,
      44.43,
      57.11,
      30.86,
      55.86,
      39.07,
      50.6,
      15.0,
      52.98,
      7.21,
      20.44,
      101.34,
      91.19,
      99.18,
      59.65,
      65.79,
      44.3,
      57.89,
      16.35,
      23.76,
      36.2
    ],
    [
      18.99,
      32.23,
      28.41,
      28.57,
      14.34,
      53.63,
      27.21,
      17.74,
      17.35,
      9.66,
      0.0,
      53.71,
      46.28,
      36.65,
      43.23,
      68.1,
      50.75,
      41.67,
      36.01,
      29.91,
      38.1,
      34.77,
      50.0,
      21.65,
      48.8,
      35.84,
      41.56,
      19.75,
      43.89,
      8.99,
      12.66,
      92.0,
      81.59,
      89.52,
      50.15,
      56.39,
      39.51,
      50.88,
      10.13,
      14.22,
      32.3
    ],
    [
      62.56,
      29.92,
      55.01,
      63.77,
      66.28,
      11.27,
      26.57,
      37.85,
      40.44,
      47.25,
      53.71,
      0.0,
      10.71,
      17.61,
      24.97,
      23.89,
      104.46,
      33.36,
      89.68,
      75.77,
      88.07,
      82.36,
      73.19,
      74.13,
      72.03,
      46.31,
      93.68,
      34.01,
      82.04,
      44.72,
      54.77,
      141.48,
      128.65,
      132.75,
      91.92,
      95.97,
      54.57,
      73.21,
      63.07,
      62.86,
      83.32
    ],
    [
      53.05,
      28.73,
      44.56,
      53.52,
      59.71,
      7.86,
      20.37,
      32.36,
      31.39,
      41.19,
      46.28,
      10.71,
      0.0,
      14.19,
      14.58,
      34.11,
      96.7,
      22.84,
      81.8,
      66.09,
      78.78,
      72.77,
      62.48,
      65.68,
      61.32,
      35.6,
      84.85,
      26.69,
      71.62,
      37.38,
      45.63,
      131.73,
      118.6,
      122.34,
      81.63,
      85.51,
      43.87,
      62.51,
      56.1,
      53.97,
      77.32
    ],
    [
      47.83,
      14.58,
      43.58,
      51.12,
      48.77,
      21.79,
      9.59,
      20.25,
      25.72,
      29.7,
      36.65,
      17.61,
      14.19,
      0.0,
      23.47,
      33.26,
      87.32,
      29.75,
      72.65,
      61.17,
      72.59,
      67.48,
      64.7,
      57.69,
      63.45,
      38.39,
      77.51,
      17.42,
      69.74,
      27.75,
      39.55,
      126.54,
      114.52,
      119.95,
      78.93,
      83.72,
      46.65,
      64.99,
      45.69,
      47.09,
      65.7
    ],
    [
      44.7,
      36.85,
      33.21,
      42.73,
      57.53,
      16.41,
      23.88,
      34.38,
      26.07,
      41.16,
      43.23,
      24.97,
      14.58,
      23.47,
      0.0,
      48.66,
      91.26,
      8.42,
      76.41,
      56.85,
      70.29,
      63.64,
      48.7,
      59.48,
      47.6,
      22.34,
      77.36,
      26.43,
      59.87,
      35.37,
      38.68,
      121.61,
      107.74,
      110.3,
      70.24,
      73.46,
      30.23,
      48.64,
      53.36,
      47.19,
      75.51
    ],
    [
      81.02,
      36.94,
      76.27,
      84.24,
      78.02,
      34.65,
      42.49,
      50.41,
      58.98,
      59.56,
      68.1,
      23.89,
      34.11,
      33.26,
      48.66,
      0.0,
      117.49,
      56.95,
      103.36,
      94.34,
      105.34,
      100.55,
      96.04,
      89.69,
      94.83,
      69.1,
      109.62,
      50.23,
      102.84,
      59.69,
      72.66,
      159.43,
      147.71,
      153.19,
      112.16,
      116.84,
      77.47,
      96.16,
      75.86,
      79.86,
      92.91
    ],
    [
      47.83,
      80.58,
      63.13,
      54.93,
      39.48,
      103.75,
      77.95,
      67.58,
      65.82,
      58.14,
      50.75,
      104.46,
      96.7,
      87.32,
      91.26,
      117.49,
      0.0,
      87.19,
      14.92,
      39.91,
      27.85,
      34.91,
      71.08,
      31.81,
      70.59,
      75.78,
      18.8,
      70.47,
      51.46,
      59.74,
      52.6,
      52.97,
      50.61,
      64.59,
      46.56,
      52.3,
      74.06,
      72.26,
      41.8,
      44.15,
      28.07
    ],
    [
      39.68,
      41.74,
      26.53,
      36.16,
      55.96,
      24.64,
      27.72,
      36.35,
      24.42,
      41.53,
      41.67,
      33.36,
      22.84,
      29.75,
      8.42,
      56.95,
      87.19,
      0.0,
      72.54,
      50.97,
      64.69,
      57.73,
      40.39,
      55.42,
      39.31,
      14.56,
      72.26,
      27.94,
      52.49,
      34.94,
      34.84,
      114.82,
      100.6,
      102.6,
      62.98,
      65.85,
      22.06,
      40.29,
      51.57,
      43.11,
      73.76
    ],
    [
      33.58,
      66.59,
      49.21,
      41.68,
      25.81,
      88.83,
      63.21,
      53.15,
      50.9,
      43.82,
      36.01,
      89.68,
      81.8,
      72.65,
      76.41,
      103.36,
      14.92,
      72.54,
      0.0,
      27.74,
      19.08,
      24.39,
      59.88,
      17.13,
      59.21,
      61.61,
      12.99,
      55.67,
      41.88,
      44.98,
      37.81,
      61.3,
      55.12,
      67.2,
      39.76,
      46.36,
      60.56,
      61.05,
      27.51,
      29.43,
      19.94
    ],
    [
      13.34,
      60.86,
      24.8,
      15.57,
      31.94,
      71.81,
      51.85,
      46.1,
      35.59,
      39.5,
      29.91,
      75.77,
      66.09,
      61.17,
      56.85,
      94.34,
      39.91,
      50.97,
      27.74,
      0.0,
      13.85,
      6.79,
      32.18,
      15.35,
      31.48,
      37.73,
      22.27,
      44.18,
      16.41,
      35.99,
      21.7,
      65.7,
      53.37,
      59.92,
      20.35,
      26.87,
      34.61,
      33.35,
      29.33,
      15.73,
      40.88
    ],
    [
      25.79,
      70.29,
      38.64,
      29.38,
      34.73,
      84.85,
      63.06,
      55.61,
      47.63,
      47.63,
      38.1,
      88.07,
      78.78,
      72.59,
      70.29,
      105.34,
      27.85,
      64.69,
      19.08,
      13.85,
      0.0,
      7.51,
      43.3,
      17.26,
      42.86,
      51.58,
      9.14,
      55.23,
      23.71,
      45.8,
      33.31,
      54.1,
      43.63,
      52.92,
      20.69,
      27.37,
      48.27,
      44.47,
      33.83,
      25.51,
      37.14
    ],
    [
      19.81,
      66.44,
      31.45,
      22.04,
      34.31,
      78.56,
      58.07,
      51.66,
      42.05,
      44.43,
      34.77,
      82.36,
      72.77,
      67.48,
      63.64,
      100.55,
      34.91,
      57.73,
      24.39,
      6.79,
      7.51,
      0.0,
      36.19,
      16.5,
      35.68,
      44.35,
      16.49,
      50.32,
      17.5,
      41.61,
      27.93,
      59.15,
      47.28,
      54.77,
      17.54,
      24.44,
      40.8,
      37.37,
      32.46,
      21.04,
      40.24
    ],
    [
      32.7,
      71.32,
      23.05,
      21.95,
      58.97,
      65.03,
      57.92,
      58.92,
      42.78,
      57.11,
      50.0,
      73.19,
      62.48,
      64.7,
      48.7,
      96.04,
      71.08,
      40.39,
      59.88,
      32.18,
      43.3,
      36.19,
      0.0,
      46.22,
      1.29,
      26.95,
      52.43,
      52.6,
      20.66,
      50.57,
      37.35,
      81.15,
      65.52,
      64.4,
      29.94,
      29.61,
      18.62,
      1.18,
      55.04,
      39.17,
      71.82
    ],
    [
      16.7,
      53.81,
      32.49,
      25.89,
      17.89,
      72.44,
      48.11,
      39.39,
      34.39,
      30.86,
      21.65,
      74.13,
      65.68,
      57.69,
      59.48,
      89.69,
      31.81,
      55.42,
      17.13,
      15.35,
      17.26,
      16.5,
      46.22,
      0.0,
      45.35,
      44.62,
      19.93,
      40.33,
      31.73,
      30.09,
      20.8,
      70.49,
      60.81,
      70.05,
      33.98,
      40.84,
      44.15,
      47.35,
      16.58,
      12.34,
      25.75
    ],
    [
      31.62,
      70.03,
      21.77,
      20.85,
      57.9,
      63.94,
      56.64,
      57.64,
      41.49,
      55.86,
      48.8,
      72.03,
      61.32,
      63.45,
      47.6,
      94.83,
      70.59,
      39.31,
      59.21,
      31.48,
      42.86,
      35.68,
      1.29,
      45.35,
      0.0,
      25.76,
      51.99,
      51.31,
      20.53,
      49.31,
      36.14,
      81.54,
      65.98,
      65.13,
      30.06,
      30.02,
      17.45,
      2.1,
      53.94,
      38.1,
      70.91
    ],
    [
      28.03,
      47.05,
      12.94,
      22.36,
      49.14,
      38.74,
      32.85,
      37.22,
      21.32,
      39.07,
      35.84,
      46.31,
      35.6,
      38.39,
      22.34,
      69.1,
      75.78,
      14.56,
      61.61,
      37.73,
      51.58,
      44.35,
      26.95,
      44.62,
      25.76,
      0.0,
      59.66,
      29.37,
      37.95,
      31.86,
      25.64,
      100.47,
      86.11,
      88.07,
      48.47,
      51.29,
      8.39,
      27.06,
      44.63,
      32.8,
      66.04
    ],
    [
      32.68,
      73.62,
      46.74,
      37.8,
      34.96,
      91.29,
      67.92,
      59.3,
      53.47,
      50.6,
      41.56,
      93.68,
      84.85,
      77.51,
      77.36,
      109.62,
      18.8,
      72.26,
      12.99,
      22.27,
      9.14,
      16.49,
      52.43,
      19.93,
      51.99,
      59.66,
      0.0,
      60.1,
      32.67,
      50.0,
      39.26,
      51.09,
      43.1,
      54.5,
      28.32,
      34.53,
      56.88,
      53.61,
      35.24,
      30.89,
      32.79
    ],
    [
      30.91,
      18.77,
      29.84,
      35.73,
      33.03,
      34.25,
      7.84,
      8.44,
      10.02,
      15.0,
      19.75,
      34.01,
      26.69,
      17.42,
      26.43,
      50.23,
      70.47,
      27.94,
      55.67,
      44.18,
      55.23,
      50.32,
      52.6,
      40.33,
      51.31,
      29.37,
      60.1,
      0.0,
      54.14,
      10.77,
      22.47,
      109.25,
      97.52,
      103.58,
      62.7,
      67.95,
      36.45,
      53.13,
      29.42,
      29.72,
      50.75
    ],
    [
      25.02,
      72.29,
      27.06,
      18.61,
      48.09,
      76.02,
      61.16,
      57.99,
      44.39,
      52.98,
      43.89,
      82.04,
      71.62,
      69.74,
      59.87,
      102.84,
      51.46,
      52.49,
      41.88,
      16.41,
      23.71,
      17.5,
      20.66,
      31.73,
      20.53,
      37.95,
      32.67,
      54.14,
      0.0,
      48.1,
      32.97,
      62.95,
      48.21,
      50.72,
      10.6,
      14.0,
      31.67,
      21.78,
      45.14,
      30.02,
      57.01
    ],
    [
      23.38,
      24.87,
      27.68,
      30.78,
      22.53,
      44.83,
      18.24,
      10.12,
      10.9,
      7.21,
      8.99,
      44.72,
      37.38,
      27.75,
      35.37,
      59.69,
      59.74,
      34.94,
      44.98,
      35.99,
      45.8,
      41.61,
      50.57,
      30.09,
      49.31,
      31.86,
      50.0,
      10.77,
      48.1,
      0.0,
      15.12,
      99.89,
      88.84,
      95.9,
      55.6,
      61.4,
      37.18,
      51.3,
      18.73,
      20.58,
      40.43
    ],
    [
      8.49,
      39.63,
      16.14,
      16.17,
      23.88,
      52.04,
      30.16,
      25.09,
      14.33,
      20.44,
      12.66,
      54.77,
      45.63,
      39.55,
      38.68,
      72.66,
      52.6,
      34.84,
      37.81,
      21.7,
      33.31,
      27.93,
      37.35,
      20.8,
      36.14,
      25.64,
      39.26,
      22.47,
      32.97,
      15.12,
      0.0,
      87.03,
      75.06,
      81.29,
      40.66,
      46.32,
      27.77,
      38.22,
      19.43,
      8.53,
      40.4
    ],
    [
      78.96,
      124.23,
      88.43,
      78.88,
      85.96,
      137.16,
      117.06,
      109.64,
      101.2,
      101.34,
      92.0,
      141.48,
      131.73,
      126.54,
      121.61,
      159.43,
      52.97,
      114.82,
      61.3,
      65.7,
      54.1,
      59.15,
      81.15,
      70.49,
      81.54,
      100.47,
      51.09,
      109.25,
      62.95,
      99.89,
      87.03,
      0.0,
      16.16,
      26.81,
      52.37,
      51.55,
      94.61,
      82.01,
      86.32,
      79.56,
      79.97
    ],
    [
      66.7,
      113.61,
      74.55,
      65.19,
      77.66,
      123.62,
      105.21,
      98.85,
      88.87,
      91.19,
      81.59,
      128.65,
      118.6,
      114.52,
      107.74,
      147.71,
      50.61,
      100.6,
      55.12,
      53.37,
      43.63,
      47.28,
      65.52,
      60.81,
      65.98,
      86.11,
      43.1,
      97.52,
      48.21,
      88.84,
      75.06,
      16.16,
      0.0,
      15.23,
      37.64,
      35.97,
      79.8,
      66.33,
      77.27,
      68.27,
      74.89
    ],
    [
      72.8,
      120.76,
      77.77,
      69.09,
      87.64,
      126.58,
      111.0,
      106.02,
      94.28,
      99.18,
      89.52,
      132.75,
      122.34,
      119.95,
      110.3,
      153.19,
      64.59,
      102.6,
      67.2,
      59.92,
      52.92,
      54.77,
      64.4,
      70.05,
      65.13,
      88.07,
      54.5,
      103.58,
      50.72,
      95.9,
      81.29,
      26.81,
      15.23,
      0.0,
      41.03,
      36.87,
      80.87,
      64.99,
      86.61,
      75.55,
      87.14
    ],
    [
      32.23,
      80.29,
      37.18,
      28.15,
      51.63,
      86.28,
      70.03,
      65.68,
      53.28,
      59.65,
      50.15,
      91.92,
      81.63,
      78.93,
      70.24,
      112.16,
      46.56,
      62.98,
      39.76,
      20.35,
      20.69,
      17.54,
      29.94,
      33.98,
      30.06,
      48.47,
      28.32,
      62.7,
      10.6,
      55.6,
      40.66,
      52.37,
      37.64,
      41.03,
      0.0,
      6.91,
      42.27,
      30.95,
      49.43,
      35.93,
      57.35
    ],
    [
      38.04,
      85.89,
      40.97,
      32.6,
      58.43,
      89.72,
      75.07,
      71.41,
      58.29,
      65.79,
      56.39,
      95.97,
      85.51,
      83.72,
      73.46,
      116.84,
      52.3,
      65.85,
      46.36,
      26.87,
      27.37,
      24.44,
      29.61,
      40.84,
      30.02,
      51.29,
      34.53,
      67.95,
      14.0,
      61.4,
      46.32,
      51.55,
      35.97,
      36.87,
      6.91,
      0.0,
      44.36,
      30.46,
      56.12,
      42.2,
      64.21
    ],
    [
      27.58,
      54.66,
      11.95,
      19.16,
      51.63,
      46.63,
      40.67,
      43.81,
      27.45,
      44.3,
      39.51,
      54.57,
      43.87,
      46.65,
      30.23,
      77.47,
      74.06,
      22.06,
      60.56,
      34.61,
      48.27,
      40.8,
      18.62,
      44.15,
      17.45,
      8.39,
      56.88,
      36.45,
      31.67,
      37.18,
      27.77,
      94.61,
      79.8,
      80.87,
      42.27,
      44.36,
      0.0,
      18.69,
      47.2,
      33.37,
      67.5
    ],
    [
      33.72,
      71.82,
      23.71,
      22.95,
      60.0,
      64.92,
      58.33,
      59.55,
      43.35,
      57.89,
      50.88,
      73.21,
      62.51,
      64.99,
      48.64,
      96.16,
      72.26,
      40.29,
      61.05,
      33.35,
      44.47,
      37.37,
      1.18,
      47.35,
      2.1,
      27.06,
      53.61,
      53.13,
      21.78,
      51.3,
      38.22,
      82.01,
      66.33,
      64.99,
      30.95,
      30.46,
      18.69,
      0.0,
      56.04,
      40.2,
      72.94
    ],
    [
      22.36,
      39.11,
      35.47,
      33.09,
      4.51,
      63.56,
      36.51,
      25.78,
      27.4,
      16.35,
      10.13,
      63.07,
      56.1,
      45.69,
      53.36,
      75.86,
      41.8,
      51.57,
      27.51,
      29.33,
      33.83,
      32.46,
      55.04,
      16.58,
      53.94,
      44.63,
      35.24,
      29.42,
      45.14,
      18.73,
      19.43,
      86.32,
      77.27,
      86.61,
      49.43,
      56.12,
      47.2,
      56.04,
      0.0,
      15.98,
      22.22
    ],
    [
      6.49,
      45.4,
      21.43,
      17.27,
      19.8,
      60.5,
      37.55,
      30.62,
      22.58,
      23.76,
      14.22,
      62.86,
      53.97,
      47.09,
      47.19,
      79.86,
      44.15,
      43.11,
      29.43,
      15.73,
      25.51,
      21.04,
      39.17,
      12.34,
      38.1,
      32.8,
      30.89,
      29.72,
      30.02,
      20.58,
      8.53,
      79.56,
      68.27,
      75.55,
      35.93,
      42.2,
      33.37,
      40.2,
      15.98,
      0.0,
      34.19
    ],
    [
      40.36,
      56.25,
      55.55,
      50.75,
      17.98,
      84.97,
      57.15,
      45.47,
      49.62,
      36.2,
      32.3,
      83.32,
      77.32,
      65.7,
      75.51,
      92.91,
      28.07,
      73.76,
      19.94,
      40.88,
      37.14,
      40.24,
      71.82,
      25.75,
      70.91,
      66.04,
      32.79,
      50.75,
      57.01,
      40.43,
      40.4,
      79.97,
      74.89,
      87.14,
      57.35,
      64.21,
      67.5,
      72.94,
      22.22,
      34.19,
      0.0
    ]
  ]
}