{
  "depot_id": 0,
  "depot_index": 0,
  "vehicle_cap": 100,
  "max_vehicles": 25,
  "nodes": [
    {
      "id": 0,
      "x": 50.0,
      "y": 50.0,
      "demand": 0,
      "tw": [
        0,
        1000
      ],
      "service": 0
    },
    {
      "id": 1,
      "x": 14.622226188903388,
      "y": 27.869481825166595,
      "demand": -10,
      "tw": [
        58,
        857
      ],
      "service": 10
    },
    {
      "id": 2,
      "x": 6.448675745325858,
      "y": 52.98573126944955,
      "demand": -5,
      "tw": [
        124,
        765
      ],
      "service": 14
    },
    {
      "id": 3,
      "x": 8.526759862395274,
      "y": 39.062821175192155,
      "demand": -15,
      "tw": [
        53,
        747
      ],
      "service": 11
    },
    {
      "id": 4,
      "x": 47.771645380805765,
      "y": -3.1870271409874533,
      "demand": -20,
      "tw": [
        94,
        774
      ],
      "service": 11
    },
    {
      "id": 5,
      "x": 13.146248118393025,
      "y": 42.57118268008417,
      "demand": -5,
      "tw": [
        136,
        925
      ],
      "service": 9
    },
    {
      "id": 6,
      "x": 36.66447755241484,
      "y": 23.46921967780482,
      "demand": -8,
      "tw": [
        90,
        695
      ],
      "service": 6
    },
    {
      "id": 7,
      "x": 38.71356786294922,
      "y": 75.43110189988317,
      "demand": -16,
      "tw": [
        52,
        696
      ],
      "service": 7
    },
    {
      "id": 8,
      "x": 21.974915552746694,
      "y": 47.393097080255835,
      "demand": -14,
      "tw": [
        67,
        797
      ],
      "service": 7
    },
    {
      "id": 9,
      "x": 15.193492036837299,
      "y": 42.50358384900805,
      "demand": -12,
      "tw": [
        122,
        893
      ],
      "service": 14
    },
    {
      "id": 10,
      "x": 52.92794485359947,
      "y": 29.858212713874778,
      "demand": -6,
      "tw": [
        70,
        728
      ],
      "service": 14
    },
    {
      "id": 11,
      "x": 26.52266044484236,
      "y": 24.97772847229394,
      "demand": -12,
      "tw": [
        92,
        870
      ],
      "service": 13
    },
    {
      "id": 12,
      "x": -4.830024618982449,
      "y": 33.67389181890309,
      "demand": -7,
      "tw": [
        87,
        805
      ],
      "service": 7
    },
    {
      "id": 13,
      "x": -5.60858704992566,
      "y": 85.09588363968729,
      "demand": -7,
      "tw": [
        105,
        792
      ],
      "service": 8
    },
    {
      "id": 14,
      "x": 39.43645380345471,
      "y": 49.380834987268535,
      "demand": -20,
      "tw": [
        129,
        814
      ],
      "service": 5
    },
    {
      "id": 15,
      "x": 26.156035377841185,
      "y": 15.796632146867488,
      "demand": -7,
      "tw": [
        113,
        764
      ],
      "service": 6
    },
    {
      "id": 16,
      "x": 76.79441894394392,
      "y": 88.75217445628417,
      "demand": -9,
      "tw": [
        102,
        736
      ],
      "service": 7
    },
    {
      "id": 17,
      "x": 11.471254123797339,
      "y": 83.14390452483993,
      "demand": -9,
      "tw": [
        61,
        776
      ],
      "service": 8
    },
    {
      "id": 18,
      "x": 54.33424020126347,
      "y": 62.11363106814914,
      "demand": -20,
      "tw": [
        132,
        773
      ],
      "service": 5
    },
    {
      "id": 19,
      "x": 20.950850405504582,
      "y": 82.0014913478484,
      "demand": -10,
      "tw": [
        137,
        856
      ],
      "service": 11
    },
    {
      "id": 20,
      "x": 63.20293396370044,
      "y": 24.029702289875967,
      "demand": -13,
      "tw": [
        141,
        824
      ],
      "service": 9
    },
    {
      "id": 21,
      "x": 51.513416422627,
      "y": 13.757277342004404,
      "demand": -18,
      "tw": [
        66,
        813
      ],
      "service": 5
    },
    {
      "id": 22,
      "x": 58.252168757311054,
      "y": 29.627928774505676,
      "demand": -11,
      "tw": [
        88,
        745
      ],
      "service": 8
    },
    {
      "id": 23,
      "x": 67.52367241473964,
      "y": 33.769737249854,
      "demand": -11,
      "tw": [
        106,
        801
      ],
      "service": 12
    },
    {
      "id": 24,
      "x": 84.94637914598064,
      "y": 68.60576777682002,
      "demand": -14,
      "tw": [
        71,
        677
      ],
      "service": 7
    },
    {
      "id": 25,
      "x": 57.60623445602039,
      "y": 14.114065078740028,
      "demand": -17,
      "tw": [
        99,
        818
      ],
      "service": 8
    },
    {
      "id": 26,
      "x": 71.67297629966575,
      "y": 18.527860250701742,
      "demand": -16,
      "tw": [
        57,
        802
      ],
      "service": 10
    },
    {
      "id": 27,
      "x": 65.07219171421889,
      "y": 44.7861870882997,
      "demand": -19,
      "tw": [
        74,
        837
      ],
      "service": 13
    },
    {
      "id": 28,
      "x": 65.57571766835414,
      "y": 31.771610978397014,
      "demand": -19,
      "tw": [
        109,
        781
      ],
      "service": 6
    },
    {
      "id": 29,
      "x": 83.38508603697943,
      "y": 20.945490473516912,
      "demand": -8,
      "tw": [
        145,
        834
      ],
      "service": 7
    },
    {
      "id": 30,
      "x": 53.35207579026865,
      "y": 79.83566687011266,
      "demand": -12,
      "tw": [
        123,
        884
      ],
      "service": 12
    },
    {
      "id": 31,
      "x": 96.67844309097808,
      "y": 59.183601584568734,
      "demand": 30,
      "tw": [
        649,
        1246
      ],
      "service": 7
    },
    {
      "id": 32,
      "x": 96.36969469277079,
      "y": 52.67695308492,
      "demand": 33,
      "tw": [
        606,
        1245
      ],
      "service": 8
    },
    {
      "id": 33,
      "x": 79.2088969228669,
      "y": 63.63001394745249,
      "demand": 42,
      "tw": [
        772,
        1440
      ],
      "service": 8
    },
    {
      "id": 34,
      "x": 51.8968015527108,
      "y": 60.0206668703469,
      "demand": 25,
      "tw": [
        624,
        1139
      ],
      "service": 12
    },
    {
      "id": 35,
      "x": 105.11512251147042,
      "y": 32.107853955609926,
      "demand": 34,
      "tw": [
        613,
        1176
      ],
      "service": 10
    },
    {
      "id": 36,
      "x": 73.25785318711709,
      "y": 35.5002002345656,
      "demand": 38,
      "tw": [
        725,
        1402
      ],
      "service": 11
    },
    {
      "id": 37,
      "x": 28.636757980290703,
      "y": 11.952062524523042,
      "demand": 41,
      "tw": [
        774,
        1278
      ],
      "service": 14
    },
    {
      "id": 38,
      "x": 52.31497072217696,
      "y": 85.1254158810317,
      "demand": 36,
      "tw": [
        759,
        1458
      ],
      "service": 8
    },
    {
      "id": 39,
      "x": 71.37506311449016,
      "y": 42.15447308873937,
      "demand": 52,
      "tw": [
        695,
        1320
      ],
      "service": 14
    },
    {
      "id": 40,
      "x": 88.72667753594361,
      "y": 71.46187310916146,
      "demand": 39,
      "tw": [
        683,
        1267
      ],
      "service": 13
    }
  ],
  "pairings": [
    [
      1,
      31
    ],
    [
      2,
      31
    ],
    [
      3,
      31
    ],
    [
      4,
      32
    ],
    [
      5,
      32
    ],
    [
      6,
      32
    ],
    [
      7,
      33
    ],
    [
      8,
      33
    ],
    [
      9,
      33
    ],
    [
      10,
      34
    ],
    [
      11,
      34
    ],
    [
      12,
      34
    ],
    [
      13,
      35
    ],
    [
      14,
      35
    ],
    [
      15,
      35
    ],
    [
      16,
      36
    ],
    [
      17,
      36
    ],
    [
      18,
      36
    ],
    [
      19,
      37
    ],
    [
      20,
      37
    ],
    [
      21,
      37
    ],
    [
      22,
      38
    ],
    [
      23,
      38
    ],
    [
      24,
      38
    ],
    [
      25,
      39
    ],
    [
      26,
      39
    ],
    [
      27,
      39
    ],
    [
      28,
      40
    ],
    [
      29,
      40
    ],
    [
      30,
      40
    ]
  ],
  "distance_matrix": [
    [
      0.0,
      41.73,
      43.65,
      42.89,
      53.23,
      37.6,
      29.69,
      27.82,
      28.15,
      35.6,
      20.35,
      34.31,
      57.21,
      65.76,
      10.58,
      41.69,
      47.11,
      50.82,
      12.87,
      43.22,
      29.13,
      36.27,
      21.98,
      23.89,
      39.59,
      36.68,
      38.21,
      15.95,
      23.98,
      44.26,
      30.02,
      47.57,
      46.45,
      32.23,
      10.2,
      57.95,
      27.41,
      43.64,
      35.2,
      22.77,
      44.28
    ],
    [
      41.73,
      0.0,
      26.41,
      12.75,
      45.42,
      14.78,
      22.48,
      53.32,
      20.86,
      14.65,
      38.36,
      12.25,
      20.3,
      60.7,
      32.84,
      16.7,
      87.02,
      55.36,
      52.44,
      54.5,
      48.73,
      39.5,
      43.67,
      53.23,
      81.27,
      45.13,
      57.81,
      53.21,
      51.1,
      69.11,
      64.81,
      87.83,
      85.43,
      73.83,
      49.22,
      90.59,
      59.13,
      21.21,
      68.55,
      58.52,
      85.98
    ],
    [
      43.65,
      26.41,
      0.0,
      14.08,
      69.73,
      12.38,
      42.24,
      39.3,
      16.5,
      13.65,
      51.92,
      34.46,
      22.36,
      34.3,
      33.18,
      42.09,
      78.92,
      30.57,
      48.75,
      32.44,
      63.71,
      59.75,
      56.83,
      64.03,
      80.04,
      64.25,
      73.77,
      59.19,
      62.82,
      83.34,
      54.04,
      90.44,
      89.92,
      73.53,
      45.99,
      100.85,
      69.06,
      46.65,
      56.01,
      65.82,
      84.33
    ],
    [
      42.89,
      12.75,
      14.08,
      0.0,
      57.66,
      5.8,
      32.17,
      47.26,
      15.82,
      7.5,
      45.35,
      22.85,
      14.4,
      48.15,
      32.59,
      29.19,
      84.44,
      44.18,
      51.28,
      44.7,
      56.71,
      49.88,
      50.61,
      59.23,
      81.93,
      55.06,
      66.4,
      56.83,
      57.51,
      77.02,
      60.59,
      90.42,
      88.89,
      74.83,
      48.17,
      96.84,
      64.83,
      33.76,
      63.55,
      62.92,
      86.5
    ],
    [
      53.23,
      45.42,
      69.73,
      57.66,
      0.0,
      57.38,
      28.88,
      79.14,
      56.78,
      56.12,
      33.45,
      35.28,
      64.23,
      103.17,
      53.22,
      28.77,
      96.41,
      93.65,
      65.63,
      89.31,
      31.29,
      17.35,
      34.45,
      41.9,
      80.85,
      19.9,
      32.29,
      51.0,
      39.23,
      43.02,
      83.21,
      79.26,
      74.04,
      73.84,
      63.34,
      67.34,
      46.33,
      24.4,
      88.43,
      51.12,
      85.15
    ],
    [
      37.6,
      14.78,
      12.38,
      5.8,
      57.38,
      0.0,
      30.3,
      41.63,
      10.06,
      2.05,
      41.76,
      22.1,
      20.06,
      46.48,
      27.16,
      29.77,
      78.64,
      40.61,
      45.59,
      40.2,
      53.38,
      47.98,
      46.93,
      55.09,
      76.37,
      52.79,
      63.27,
      51.97,
      53.53,
      73.49,
      54.82,
      85.17,
      83.83,
      69.34,
      42.5,
      92.56,
      60.53,
      34.31,
      57.84,
      58.23,
      80.91
    ],
    [
      29.69,
      22.48,
      42.24,
      32.17,
      28.88,
      30.3,
      0.0,
      52.0,
      28.07,
      28.69,
      17.47,
      10.25,
      42.73,
      74.73,
      26.06,
      13.01,
      76.63,
      64.77,
      42.49,
      60.6,
      26.54,
      17.74,
      22.45,
      32.53,
      66.09,
      22.94,
      35.36,
      35.52,
      30.08,
      46.79,
      58.78,
      69.84,
      66.47,
      58.51,
      39.6,
      68.99,
      38.52,
      14.04,
      63.61,
      39.42,
      70.81
    ],
    [
      27.82,
      53.32,
      39.3,
      47.26,
      79.14,
      41.63,
      52.0,
      0.0,
      32.65,
      40.46,
      47.74,
      51.91,
      60.33,
      45.36,
      26.06,
      60.94,
      40.34,
      28.31,
      20.53,
      18.94,
      56.94,
      62.99,
      49.8,
      50.65,
      46.73,
      64.16,
      65.76,
      40.42,
      51.26,
      70.46,
      15.29,
      60.2,
      61.98,
      42.18,
      20.28,
      79.28,
      52.8,
      64.27,
      16.7,
      46.63,
      50.17
    ],
    [
      28.15,
      20.86,
      16.5,
      15.82,
      56.78,
      10.06,
      28.07,
      32.65,
      0.0,
      8.36,
      35.57,
      22.87,
      30.11,
      46.72,
      17.57,
      31.87,
      68.67,
      37.26,
      35.55,
      34.62,
      47.39,
      44.76,
      40.39,
      47.54,
      66.45,
      48.76,
      57.47,
      43.18,
      46.31,
      66.86,
      45.13,
      75.63,
      74.58,
      59.49,
      32.48,
      84.53,
      52.64,
      36.06,
      48.42,
      49.68,
      70.96
    ],
    [
      35.6,
      14.65,
      13.65,
      7.5,
      56.12,
      2.05,
      28.69,
      40.46,
      8.36,
      0.0,
      39.8,
      20.87,
      21.88,
      47.4,
      25.2,
      28.87,
      77.03,
      40.81,
      43.78,
      39.92,
      51.44,
      46.32,
      44.94,
      53.05,
      74.48,
      51.04,
      61.36,
      49.93,
      51.51,
      71.52,
      53.38,
      83.17,
      81.81,
      67.41,
      40.67,
      90.52,
      58.49,
      33.38,
      56.52,
      56.18,
      79.03
    ],
    [
      20.35,
      38.36,
      51.92,
      45.35,
      33.45,
      41.76,
      17.47,
      47.74,
      35.57,
      39.8,
      0.0,
      26.85,
      57.88,
      80.48,
      23.73,
      30.24,
      63.55,
      67.51,
      32.29,
      61.17,
      11.81,
      16.16,
      5.33,
      15.11,
      50.26,
      16.42,
      21.9,
      19.24,
      12.79,
      31.73,
      49.98,
      52.67,
      49.07,
      42.79,
      30.18,
      52.24,
      21.1,
      30.18,
      55.27,
      22.17,
      54.89
    ],
    [
      34.31,
      12.25,
      34.46,
      22.85,
      35.28,
      22.1,
      10.25,
      51.91,
      22.87,
      20.87,
      26.85,
      0.0,
      32.54,
      68.17,
      27.61,
      9.19,
      81.21,
      60.08,
      46.4,
      57.3,
      36.69,
      27.39,
      32.07,
      41.93,
      72.92,
      32.93,
      45.61,
      43.34,
      39.64,
      57.01,
      61.07,
      78.05,
      75.14,
      65.34,
      43.26,
      78.92,
      47.91,
      13.2,
      65.44,
      48.03,
      77.65
    ],
    [
      57.21,
      20.3,
      22.36,
      14.4,
      64.23,
      20.06,
      42.73,
      60.33,
      30.11,
      21.88,
      57.88,
      32.54,
      0.0,
      51.43,
      46.97,
      35.77,
      98.47,
      52.09,
      65.64,
      54.77,
      68.71,
      59.76,
      63.21,
      72.35,
      96.33,
      65.43,
      77.99,
      70.78,
      70.43,
      89.13,
      74.27,
      104.66,
      102.97,
      89.22,
      62.55,
      109.96,
      78.11,
      39.9,
      76.89,
      76.68,
      100.9
    ],
    [
      65.76,
      60.7,
      34.3,
      48.15,
      103.17,
      46.48,
      74.73,
      45.36,
      46.72,
      47.4,
      80.48,
      68.17,
      51.43,
      0.0,
      57.49,
      76.23,
      82.48,
      17.19,
      64.2,
      26.74,
      92.0,
      91.39,
      84.59,
      89.35,
      92.04,
      95.05,
      102.0,
      81.37,
      88.94,
      109.7,
      59.19,
      105.52,
      107.01,
      87.49,
      62.73,
      122.75,
      93.16,
      80.76,
      57.92,
      88.15,
      95.32
    ],
    [
      10.58,
      32.84,
      33.18,
      32.59,
      53.22,
      27.16,
      26.06,
      26.06,
      17.57,
      25.2,
      23.73,
      27.61,
      46.97,
      57.49,
      0.0,
      36.11,
      54.27,
      43.84,
      19.6,
      37.49,
      34.75,
      37.62,
      27.28,
      32.13,
      49.4,
      39.67,
      44.62,
      26.04,
      31.52,
      52.35,
      33.48,
      58.08,
      57.03,
      42.25,
      16.38,
      67.91,
      36.56,
      38.96,
      37.99,
      32.75,
      54.01
    ],
    [
      41.69,
      16.7,
      42.09,
      29.19,
      28.77,
      29.77,
      13.01,
      60.94,
      31.87,
      28.87,
      30.24,
      9.19,
      35.77,
      76.23,
      36.11,
      0.0,
      88.81,
      68.93,
      54.22,
      66.41,
      37.95,
      25.44,
      34.95,
      45.1,
      79.03,
      31.5,
      45.6,
      48.53,
      42.53,
      57.46,
      69.57,
      82.8,
      79.31,
      71.43,
      51.17,
      80.63,
      51.06,
      4.58,
      74.1,
      52.34,
      83.75
    ],
    [
      47.11,
      87.02,
      78.92,
      84.44,
      96.41,
      78.64,
      76.63,
      40.34,
      68.67,
      77.03,
      63.55,
      81.21,
      98.47,
      82.48,
      54.27,
      88.81,
      0.0,
      65.56,
      34.84,
      56.25,
      66.13,
      79.14,
      61.96,
      55.76,
      21.73,
      77.07,
      70.41,
      45.5,
      58.07,
      68.13,
      25.08,
      35.63,
      41.04,
      25.24,
      38.02,
      63.33,
      53.37,
      90.65,
      24.75,
      46.91,
      21.01
    ],
    [
      50.82,
      55.36,
      30.57,
      44.18,
      93.65,
      40.61,
      64.77,
      28.31,
      37.26,
      40.81,
      67.51,
      60.08,
      52.09,
      17.19,
      43.84,
      68.93,
      65.56,
      0.0,
      47.74,
      9.55,
      78.55,
      80.11,
      71.08,
      74.7,
      74.9,
      83.03,
      88.31,
      65.91,
      74.61,
      95.08,
      42.01,
      88.51,
      90.2,
      70.49,
      46.57,
      106.65,
      78.02,
      73.23,
      40.89,
      72.59,
      78.13
    ],
    [
      12.87,
      52.44,
      48.75,
      51.28,
      65.63,
      45.59,
      42.49,
      20.53,
      35.55,
      43.78,
      32.29,
      46.4,
      65.64,
      64.2,
      19.6,
      54.22,
      34.84,
      47.74,
      0.0,
      38.86,
      39.1,
      48.44,
      32.72,
      31.26,
      31.29,
      48.11,
      46.91,
      20.38,
      32.36,
      50.39,
      17.75,
      42.45,
      43.08,
      24.92,
      3.21,
      58.98,
      32.66,
      56.36,
      23.1,
      26.24,
      35.64
    ],
    [
      43.22,
      54.5,
      32.44,
      44.7,
      89.31,
      40.2,
      60.6,
      18.94,
      34.62,
      39.92,
      61.17,
      57.3,
      54.77,
      26.74,
      37.49,
      66.41,
      56.25,
      9.55,
      38.86,
      0.0,
      71.74,
      74.78,
      64.3,
      67.05,
      65.38,
      77.15,
      81.25,
      57.72,
      67.19,
      87.33,
      32.47,
      79.09,
      80.92,
      61.09,
      37.96,
      97.84,
      69.99,
      70.47,
      31.52,
      64.27,
      68.59
    ],
    [
      29.13,
      48.73,
      63.71,
      56.71,
      31.29,
      53.38,
      26.54,
      56.94,
      47.39,
      51.44,
      11.81,
      36.69,
      68.71,
      92.0,
      34.75,
      37.95,
      66.13,
      78.55,
      39.1,
      71.74,
      0.0,
      15.56,
      7.47,
      10.66,
      49.6,
      11.39,
      10.1,
      20.84,
      8.1,
      20.42,
      56.67,
      48.54,
      43.83,
      42.71,
      37.73,
      42.68,
      15.25,
      36.62,
      62.06,
      19.88,
      53.86
    ],
    [
      36.27,
      39.5,
      59.75,
      49.88,
      17.35,
      47.98,
      17.74,
      62.99,
      44.76,
      46.32,
      16.16,
      27.39,
      59.76,
      91.39,
      37.62,
      25.44,
      79.14,
      80.11,
      48.44,
      74.78,
      15.56,
      0.0,
      17.24,
      25.63,
      64.23,
      6.1,
      20.72,
      33.86,
      22.85,
      32.67,
      66.1,
      64.06,
      59.39,
      57.05,
      46.26,
      56.66,
      30.75,
      22.95,
      71.37,
      34.65,
      68.66
    ],
    [
      21.98,
      43.67,
      56.83,
      50.61,
      34.45,
      46.93,
      22.45,
      49.8,
      40.39,
      44.94,
      5.33,
      32.07,
      63.21,
      84.59,
      27.28,
      34.95,
      61.96,
      71.08,
      32.72,
      64.3,
      7.47,
      17.24,
      0.0,
      10.15,
      47.24,
      15.53,
      17.42,
      16.62,
      7.63,
      26.59,
      50.45,
      48.48,
      44.54,
      39.94,
      31.05,
      46.93,
      16.11,
      34.49,
      55.81,
      18.14,
      51.76
    ],
    [
      23.89,
      53.23,
      64.03,
      59.23,
      41.9,
      55.09,
      32.53,
      50.65,
      47.54,
      53.05,
      15.11,
      41.93,
      72.35,
      89.35,
      32.13,
      45.1,
      55.76,
      74.7,
      31.26,
      67.05,
      10.66,
      25.63,
      10.15,
      0.0,
      38.95,
      22.02,
      15.8,
      11.29,
      2.79,
      20.4,
      48.2,
      38.68,
      34.49,
      32.07,
      30.55,
      37.63,
      5.99,
      44.59,
      53.56,
      9.23,
      43.25
    ],
    [
      39.59,
      81.27,
      80.04,
      81.93,
      80.85,
      76.37,
      66.09,
      46.73,
      66.45,
      74.48,
      50.26,
      72.92,
      96.33,
      92.04,
      49.4,
      79.03,
      21.73,
      74.9,
      31.29,
      65.38,
      49.6,
      64.23,
      47.24,
      38.95,
      0.0,
      60.97,
      51.81,
      31.02,
      41.62,
      47.69,
      33.53,
      15.05,
      19.6,
      7.59,
      34.15,
      41.7,
      35.11,
      79.88,
      36.57,
      29.73,
      4.74
    ],
    [
      36.68,
      45.13,
      64.25,
      55.06,
      19.9,
      52.79,
      22.94,
      64.16,
      48.76,
      51.04,
      16.42,
      32.93,
      65.43,
      95.05,
      39.67,
      31.5,
      77.07,
      83.03,
      48.11,
      77.15,
      11.39,
      6.1,
      15.53,
      22.02,
      60.97,
      0.0,
      14.74,
      31.57,
      19.37,
      26.67,
      65.86,
      59.65,
      54.68,
      54.02,
      46.26,
      50.8,
      26.5,
      29.05,
      71.21,
      31.24,
      65.25
    ],
    [
      38.21,
      57.81,
      73.77,
      66.4,
      32.29,
      63.27,
      35.36,
      65.76,
      57.47,
      61.36,
      21.9,
      45.61,
      77.99,
      102.0,
      44.62,
      45.6,
      70.41,
      88.31,
      46.91,
      81.25,
      10.1,
      20.72,
      17.42,
      15.8,
      51.81,
      14.74,
      0.0,
      27.08,
      14.58,
      11.96,
      63.99,
      47.73,
      42.14,
      45.73,
      45.96,
      36.09,
      17.05,
      43.54,
      69.35,
      23.63,
      55.61
    ],
    [
      15.95,
      53.21,
      59.19,
      56.83,
      51.0,
      51.97,
      35.52,
      40.42,
      43.18,
      49.93,
      19.24,
      43.34,
      70.78,
      81.37,
      26.04,
      48.53,
      45.5,
      65.91,
      20.38,
      57.72,
      20.84,
      33.86,
      16.62,
      11.29,
      31.02,
      31.57,
      27.08,
      0.0,
      13.02,
      30.06,
      36.96,
      34.73,
      32.28,
      23.56,
      20.14,
      42.0,
      12.38,
      49.05,
      42.31,
      6.83,
      35.65
    ],
    [
      23.98,
      51.1,
      62.82,
      57.51,
      39.23,
      53.53,
      30.08,
      51.26,
      46.31,
      51.51,
      12.79,
      39.64,
      70.43,
      88.94,
      31.52,
      42.53,
      58.07,
      74.61,
      32.36,
      67.19,
      8.1,
      22.85,
      7.63,
      2.79,
      41.62,
      19.37,
      14.58,
      13.02,
      0.0,
      20.84,
      49.59,
      41.46,
      37.22,
      34.65,
      31.39,
      39.54,
      8.54,
      41.92,
      54.98,
      11.89,
      45.95
    ],
    [
      44.26,
      69.11,
      83.34,
      77.02,
      43.02,
      73.49,
      46.79,
      70.46,
      66.86,
      71.52,
      31.73,
      57.01,
      89.13,
      109.7,
      52.35,
      57.46,
      68.13,
      95.08,
      50.39,
      87.33,
      20.42,
      32.67,
      26.59,
      20.4,
      47.69,
      26.67,
      11.96,
      30.06,
      20.84,
      0.0,
      66.11,
      40.48,
      34.29,
      42.89,
      50.18,
      24.43,
      17.73,
      55.48,
      71.31,
      24.37,
      50.8
    ],
    [
      30.02,
      64.81,
      54.04,
      60.59,
      83.21,
      54.82,
      58.78,
      15.29,
      45.13,
      53.38,
      49.98,
      61.07,
      74.27,
      59.19,
      33.48,
      69.57,
      25.08,
      42.01,
      17.75,
      32.47,
      56.67,
      66.1,
      50.45,
      48.2,
      33.53,
      65.86,
      63.99,
      36.96,
      49.59,
      66.11,
      0.0,
      48.0,
      50.87,
      30.52,
      19.87,
      70.41,
      48.6,
      72.24,
      5.39,
      41.77,
      36.35
    ],
    [
      47.57,
      87.83,
      90.44,
      90.42,
      79.26,
      85.17,
      69.84,
      60.2,
      75.63,
      83.17,
      52.67,
      78.05,
      104.66,
      105.52,
      58.08,
      82.8,
      35.63,
      88.51,
      42.45,
      79.09,
      48.54,
      64.06,
      48.48,
      38.68,
      15.05,
      59.65,
      47.73,
      34.73,
      41.46,
      40.48,
      48.0,
      0.0,
      6.51,
      18.03,
      44.79,
      28.36,
      33.31,
      82.83,
      51.39,
      30.5,
      14.63
    ],
    [
      46.45,
      85.43,
      89.92,
      88.89,
      74.04,
      83.83,
      66.47,
      61.98,
      74.58,
      81.81,
      49.07,
      75.14,
      102.97,
      107.01,
      57.03,
      79.31,
      41.04,
      90.2,
      43.08,
      80.92,
      43.83,
      59.39,
      44.54,
      34.49,
      19.6,
      54.68,
      42.14,
      32.28,
      37.22,
      34.29,
      50.87,
      6.51,
      0.0,
      20.36,
      45.08,
      22.35,
      28.8,
      79.03,
      54.71,
      27.12,
      20.28
    ],
    [
      32.23,
      73.83,
      73.53,
      74.83,
      73.84,
      69.34,
      58.51,
      42.18,
      59.49,
      67.41,
      42.79,
      65.34,
      89.22,
      87.49,
      42.25,
      71.43,
      25.24,
      70.49,
      24.92,
      61.09,
      42.71,
      57.05,
      39.94,
      32.07,
      7.59,
      54.02,
      45.73,
      23.56,
      34.65,
      42.89,
      30.52,
      18.03,
      20.36,
      0.0,
      27.55,
      40.8,
      28.75,
      72.31,
      34.43,
      22.86,
      12.33
    ],
    [
      10.2,
      49.22,
      45.99,
      48.17,
      63.34,
      42.5,
      39.6,
      20.28,
      32.48,
      40.67,
      30.18,
      43.26,
      62.55,
      62.73,
      16.38,
      51.17,
      38.02,
      46.57,
      3.21,
      37.96,
      37.73,
      46.26,
      31.05,
      30.55,
      34.15,
      46.26,
      45.96,
      20.14,
      31.39,
      50.18,
      19.87,
      44.79,
      45.08,
      27.55,
      0.0,
      60.09,
      32.52,
      53.4,
      25.11,
      26.43,
      38.57
    ],
    [
      57.95,
      90.59,
      100.85,
      96.84,
      67.34,
      92.56,
      68.99,
      79.28,
      84.53,
      90.52,
      52.24,
      78.92,
      109.96,
      122.75,
      67.91,
      80.63,
      63.33,
      106.65,
      58.98,
      97.84,
      42.68,
      56.66,
      46.93,
      37.63,
      41.7,
      50.8,
      36.09,
      42.0,
      39.54,
      24.43,
      70.41,
      28.36,
      22.35,
      40.8,
      60.09,
      0.0,
      32.04,
      79.09,
      74.82,
      35.2,
      42.63
    ],
    [
      27.41,
      59.13,
      69.06,
      64.83,
      46.33,
      60.53,
      38.52,
      52.8,
      52.64,
      58.49,
      21.1,
      47.91,
      78.11,
      93.16,
      36.56,
      51.06,
      53.37,
      78.02,
      32.66,
      69.99,
      15.25,
      30.75,
      16.11,
      5.99,
      35.11,
      26.5,
      17.05,
      12.38,
      8.54,
      17.73,
      48.6,
      33.31,
      28.8,
      28.75,
      32.52,
      32.04,
      0.0,
      50.45,
      53.86,
      6.92,
      39.15
    ],
    [
      43.64,
      21.21,
      46.65,
      33.76,
      24.4,
      34.31,
      14.04,
      64.27,
      36.06,
      33.38,
      30.18,
      13.2,
      39.9,
      80.76,
      38.96,
      4.58,
      90.65,
      73.23,
      56.36,
      70.47,
      36.62,
      22.95,
      34.49,
      44.59,
      79.88,
      29.05,
      43.54,
      49.05,
      41.92,
      55.48,
      72.24,
      82.83,
      79.03,
      72.31,
      53.4,
      79.09,
      50.45,
      0.0,
      76.91,
      52.33,
      84.57
    ],
    [
      35.2,
      68.55,
      56.01,
      63.55,
      88.43,
      57.84,
      63.61,
      16.7,
      48.42,
      56.52,
      55.27,
      65.44,
      76.89,
      57.92,
      37.99,
      74.1,
      24.75,
      40.89,
      23.1,
      31.52,
      62.06,
      71.37,
      55.81,
      53.56,
      36.57,
      71.21,
      69.35,
      42.31,
      54.98,
      71.31,
      5.39,
      51.39,
      54.71,
      34.43,
      25.11,
      74.82,
      53.86,
      76.91,
      0.0,
      47.01,
      38.89
    ],
    [
      22.77,
      58.52,
      65.82,
      62.92,
      51.12,
      58.23,
      39.42,
      46.63,
      49.68,
      56.18,
      22.17,
      48.03,
      76.68,
      88.15,
      32.75,
      52.34,
      46.91,
      72.59,
      26.24,
      64.27,
      19.88,
      34.65,
      18.14,
      9.23,
      29.73,
      31.24,
      23.63,
      6.83,
      11.89,
      24.37,
      41.77,
      30.5,
      27.12,
      22.86,
      26.43,
      35.2,
      6.92,
      52.33,
      47.01,
      0.0,
      34.06
    ],
    [
      44.28,
      85.98,
      84.33,
      86.5,
      85.15,
      80.91,
      70.81,
      50.17,
      70.96,
      79.03,
      54.89,
      77.65,
      100.9,
      95.32,
      54.01,
      83.75,
      21.01,
      78.13,
      35.64,
      68.59,
      53.86,
      68.66,
      51.76,
      43.25,
      4.74,
      65.25,
      55.61,
      35.65,
      45.95,
      50.8,
      36.35,
      14.63,
      20.28,
      12.33,
      38.57,
      42.63,
      39.15,
      84.57,
      38.89,
      34.06,
      0.0
    ]
  ]
}