{
  "depot_id": 0,
  "depot_index": 0,
  "vehicle_cap": 200,
  "max_vehicles": 25,
  "nodes": [
    {
      "id": 0,
      "x": 50.0,
      "y": 50.0,
      "demand": 0,
      "tw": [
        0,
        1000
      ],
      "service": 0
    },
    {
      "id": 1,
      "x": 15.798131829041427,
      "y": 47.18215391139493,
      "demand": -12,
      "tw": [
        135,
        435
      ],
      "service": 8
    },
    {
      "id": 2,
      "x": 9.958592332479322,
      "y": 42.32202434895871,
      "demand": -7,
      "tw": [
        104,
        404
      ],
      "service": 5
    },
    {
      "id": 3,
      "x": 19.653151126132187,
      "y": 52.342147325365204,
      "demand": -15,
      "tw": [
        138,
        438
      ],
      "service": 12
    },
    {
      "id": 4,
      "x": 29.843223984765835,
      "y": 47.86011155774491,
      "demand": -5,
      "tw": [
        194,
        494
      ],
      "service": 10
    },
    {
      "id": 5,
      "x": 8.772779784377015,
      "y": 53.82409746184051,
      "demand": -12,
      "tw": [
        199,
        499
      ],
      "service": 7
    },
    {
      "id": 6,
      "x": 21.66452208213056,
      "y": 54.92451264008149,
      "demand": -12,
      "tw": [
        160,
        460
      ],
      "service": 10
    },
    {
      "id": 7,
      "x": 13.62260015748684,
      "y": 44.690030449981826,
      "demand": -5,
      "tw": [
        122,
        422
      ],
      "service": 7
    },
    {
      "id": 8,
      "x": 13.626128726934823,
      "y": 61.89016531107552,
      "demand": -7,
      "tw": [
        105,
        405
      ],
      "service": 15
    },
    {
      "id": 9,
      "x": 34.20504247989855,
      "y": 44.29253706250524,
      "demand": -6,
      "tw": [
        169,
        469
      ],
      "service": 6
    },
    {
      "id": 10,
      "x": 14.477769557190287,
      "y": 56.32931817755511,
      "demand": -12,
      "tw": [
        122,
        422
      ],
      "service": 10
    },
    {
      "id": 11,
      "x": 35.47505201330061,
      "y": 67.95877673095522,
      "demand": -7,
      "tw": [
        109,
        409
      ],
      "service": 14
    },
    {
      "id": 12,
      "x": 13.872113095156138,
      "y": 46.122984400640156,
      "demand": -6,
      "tw": [
        188,
        488
      ],
      "service": 15
    },
    {
      "id": 13,
      "x": 22.85865390724905,
      "y": 53.34456789987025,
      "demand": -15,
      "tw": [
        165,
        465
      ],
      "service": 11
    },
    {
      "id": 14,
      "x": 18.230527725059506,
      "y": 42.01702755461546,
      "demand": -7,
      "tw": [
        137,
        437
      ],
      "service": 7
    },
    {
      "id": 15,
      "x": 19.668730271262028,
      "y": 67.94557863517788,
      "demand": -12,
      "tw": [
        108,
        408
      ],
      "service": 7
    },
    {
      "id": 16,
      "x": 14.823887009638286,
      "y": 52.237879516388986,
      "demand": -13,
      "tw": [
        185,
        485
      ],
      "service": 10
    },
    {
      "id": 17,
      "x": 45.26932425873622,
      "y": 44.69131227079679,
      "demand": -20,
      "tw": [
        182,
        482
      ],
      "service": 8
    },
    {
      "id": 18,
      "x": 26.818914896263113,
      "y": 68.46707325736034,
      "demand": -11,
      "tw": [
        126,
        426
      ],
      "service": 14
    },
    {
      "id": 19,
      "x": 25.906548306923092,
      "y": 61.087035805829075,
      "demand": -9,
      "tw": [
        185,
        485
      ],
      "service": 14
    },
    {
      "id": 20,
      "x": 28.20482181197364,
      "y": 55.07274031107298,
      "demand": -20,
      "tw": [
        169,
        469
      ],
      "service": 12
    },
    {
      "id": 21,
      "x": 33.82158991037527,
      "y": 56.48709887589643,
      "demand": -12,
      "tw": [
        115,
        415
      ],
      "service": 14
    },
    {
      "id": 22,
      "x": 18.328819196831457,
      "y": 51.46713686433323,
      "demand": -20,
      "tw": [
        133,
        433
      ],
      "service": 13
    },
    {
      "id": 23,
      "x": 23.686733088729014,
      "y": 46.06661187672639,
      "demand": -18,
      "tw": [
        183,
        483
      ],
      "service": 10
    },
    {
      "id": 24,
      "x": 21.910990680199035,
      "y": 50.46436548156149,
      "demand": -11,
      "tw": [
        163,
        463
      ],
      "service": 7
    },
    {
      "id": 25,
      "x": 26.454841811410752,
      "y": 71.6325472330546,
      "demand": -8,
      "tw": [
        177,
        477
      ],
      "service": 6
    },
    {
      "id": 26,
      "x": 22.49383683710755,
      "y": 65.77453279763475,
      "demand": -8,
      "tw": [
        196,
        496
      ],
      "service": 8
    },
    {
      "id": 27,
      "x": 26.078965097165394,
      "y": 51.86609123156358,
      "demand": -18,
      "tw": [
        110,
        410
      ],
      "service": 15
    },
    {
      "id": 28,
      "x": 15.535663854494718,
      "y": 51.94089992898308,
      "demand": -16,
      "tw": [
        130,
        430
      ],
      "service": 12
    },
    {
      "id": 29,
      "x": 21.32969674146876,
      "y": 42.99879185060827,
      "demand": -18,
      "tw": [
        134,
        434
      ],
      "service": 11
    },
    {
      "id": 30,
      "x": 14.410781527284117,
      "y": 53.772118750645205,
      "demand": -18,
      "tw": [
        175,
        475
      ],
      "service": 5
    },
    {
      "id": 31,
      "x": 95.65524029234341,
      "y": 49.34249738927012,
      "demand": 34,
      "tw": [
        568,
        868
      ],
      "service": 9
    },
    {
      "id": 32,
      "x": 65.51986099583756,
      "y": 28.011940433799182,
      "demand": 29,
      "tw": [
        516,
        816
      ],
      "service": 13
    },
    {
      "id": 33,
      "x": 69.78767182869287,
      "y": 57.08356447299353,
      "demand": 18,
      "tw": [
        508,
        808
      ],
      "service": 12
    },
    {
      "id": 34,
      "x": 67.19695601329106,
      "y": 58.724573282801444,
      "demand": 25,
      "tw": [
        595,
        895
      ],
      "service": 6
    },
    {
      "id": 35,
      "x": 86.50201177958661,
      "y": 49.00824136220617,
      "demand": 34,
      "tw": [
        541,
        841
      ],
      "service": 12
    },
    {
      "id": 36,
      "x": 64.74474829075261,
      "y": 43.080919301187556,
      "demand": 44,
      "tw": [
        598,
        898
      ],
      "service": 9
    },
    {
      "id": 37,
      "x": 77.5876394214367,
      "y": 53.520553965142966,
      "demand": 41,
      "tw": [
        521,
        821
      ],
      "service": 5
    },
    {
      "id": 38,
      "x": 67.48460575809555,
      "y": 64.4376460407326,
      "demand": 49,
      "tw": [
        586,
        886
      ],
      "service": 10
    },
    {
      "id": 39,
      "x": 83.42725346377703,
      "y": 54.567532191537836,
      "demand": 34,
      "tw": [
        577,
        877
      ],
      "service": 14
    },
    {
      "id": 40,
      "x": 86.42722759867544,
      "y": 63.29152530132431,
      "demand": 52,
      "tw": [
        513,
        813
      ],
      "service": 5
    }
  ],
  "pairings": [
    [
      1,
      31
    ],
    [
      2,
      31
    ],
    [
      3,
      31
    ],
    [
      4,
      32
    ],
    [
      5,
      32
    ],
    [
      6,
      32
    ],
    [
      7,
      33
    ],
    [
      8,
      33
    ],
    [
      9,
      33
    ],
    [
      10,
      34
    ],
    [
      11,
      34
    ],
    [
      12,
      34
    ],
    [
      13,
      35
    ],
    [
      14,
      35
    ],
    [
      15,
      35
    ],
    [
      16,
      36
    ],
    [
      17,
      36
    ],
    [
      18,
      36
    ],
    [
      19,
      37
    ],
    [
      20,
      37
    ],
    [
      21,
      37
    ],
    [
      22,
      38
    ],
    [
      23,
      38
    ],
    [
      24,
      38
    ],
    [
      25,
      39
    ],
    [
      26,
      39
    ],
    [
      27,
      39
    ],
    [
      28,
      40
    ],
    [
      29,
      40
    ],
    [
      30,
      40
    ]
  ],
  "distance_matrix": [
    [
      0.0,
      34.32,
      40.77,
      30.44,
      20.27,
      41.4,
      28.76,
      36.76,
      38.27,
      16.79,
      36.08,
      23.1,
      36.34,
      27.35,
      32.76,
      35.24,
      35.25,
      7.11,
      29.64,
      26.52,
      22.38,
      17.43,
      31.71,
      26.61,
      28.09,
      31.97,
      31.71,
      23.99,
      34.52,
      29.51,
      35.79,
      45.66,
      26.91,
      21.02,
      19.28,
      36.52,
      16.29,
      27.81,
      22.68,
      33.74,
      38.78
    ],
    [
      34.32,
      0.0,
      7.6,
      6.44,
      14.06,
      9.67,
      9.71,
      3.31,
      14.87,
      18.63,
      9.24,
      28.62,
      2.2,
      9.37,
      5.71,
      21.12,
      5.15,
      29.58,
      23.97,
      17.19,
      14.7,
      20.28,
      4.98,
      7.97,
      6.94,
      26.67,
      19.76,
      11.3,
      4.77,
      6.94,
      6.73,
      79.89,
      53.29,
      54.89,
      52.68,
      70.73,
      49.12,
      62.11,
      54.49,
      68.03,
      72.44
    ],
    [
      40.77,
      7.6,
      0.0,
      13.94,
      20.64,
      11.56,
      17.2,
      4.36,
      19.91,
      24.33,
      14.72,
      36.17,
      5.46,
      16.97,
      8.28,
      27.4,
      11.05,
      35.39,
      31.11,
      24.63,
      22.26,
      27.75,
      12.4,
      14.23,
      14.46,
      33.63,
      26.59,
      18.73,
      11.12,
      11.39,
      12.29,
      85.98,
      57.37,
      61.62,
      59.54,
      76.83,
      54.79,
      68.55,
      61.63,
      74.48,
      79.29
    ],
    [
      30.44,
      6.44,
      13.94,
      0.0,
      11.13,
      10.98,
      3.27,
      9.74,
      11.29,
      16.63,
      6.53,
      22.23,
      8.49,
      3.36,
      10.42,
      15.6,
      4.83,
      26.73,
      17.65,
      10.75,
      8.98,
      14.76,
      1.59,
      7.46,
      2.94,
      20.45,
      13.73,
      6.44,
      4.14,
      9.49,
      5.43,
      76.06,
      51.92,
      50.36,
      47.97,
      66.93,
      46.03,
      57.95,
      49.34,
      63.81,
      67.67
    ],
    [
      20.27,
      14.06,
      20.64,
      11.13,
      0.0,
      21.9,
      10.81,
      16.53,
      21.44,
      5.63,
      17.54,
      20.87,
      16.07,
      8.88,
      13.0,
      22.52,
      15.64,
      15.75,
      20.83,
      13.8,
      7.4,
      9.5,
      12.07,
      6.41,
      8.35,
      24.01,
      19.36,
      5.5,
      14.88,
      9.8,
      16.53,
      65.83,
      40.83,
      41.0,
      38.9,
      56.67,
      35.23,
      48.08,
      41.13,
      54.0,
      58.65
    ],
    [
      41.4,
      9.67,
      11.56,
      10.98,
      21.9,
      0.0,
      12.94,
      10.34,
      9.41,
      27.16,
      6.23,
      30.21,
      9.24,
      14.09,
      15.13,
      17.84,
      6.26,
      37.62,
      23.24,
      18.61,
      19.47,
      25.19,
      9.84,
      16.81,
      13.56,
      25.1,
      18.2,
      17.42,
      7.02,
      16.58,
      5.64,
      87.0,
      62.34,
      61.1,
      58.63,
      77.88,
      56.99,
      68.82,
      59.66,
      74.66,
      78.23
    ],
    [
      28.76,
      9.71,
      17.2,
      3.27,
      10.81,
      12.94,
      0.0,
      13.02,
      10.64,
      16.44,
      7.32,
      18.99,
      11.76,
      1.98,
      13.36,
      13.17,
      7.35,
      25.73,
      14.49,
      7.48,
      6.54,
      12.26,
      4.8,
      9.09,
      4.47,
      17.38,
      10.88,
      5.37,
      6.82,
      11.93,
      7.34,
      74.2,
      51.45,
      48.17,
      45.69,
      65.11,
      44.68,
      55.94,
      46.8,
      61.76,
      65.3
    ],
    [
      36.76,
      3.31,
      4.36,
      9.74,
      16.53,
      10.34,
      13.02,
      0.0,
      17.2,
      20.59,
      11.67,
      31.92,
      1.45,
      12.66,
      5.33,
      24.03,
      7.64,
      31.65,
      27.19,
      20.49,
      17.9,
      23.39,
      8.25,
      10.16,
      10.1,
      29.84,
      22.87,
      14.38,
      7.5,
      7.89,
      9.12,
      82.16,
      54.51,
      57.52,
      55.38,
      73.01,
      51.15,
      64.57,
      57.37,
      70.5,
      75.14
    ],
    [
      38.27,
      14.87,
      19.91,
      11.29,
      21.44,
      9.41,
      10.64,
      17.2,
      0.0,
      27.08,
      5.63,
      22.68,
      15.77,
      12.58,
      20.4,
      8.55,
      9.73,
      36.02,
      14.74,
      12.31,
      16.09,
      20.91,
      11.43,
      18.75,
      14.11,
      16.11,
      9.68,
      15.99,
      10.13,
      20.4,
      8.16,
      82.98,
      61.97,
      56.37,
      53.66,
      74.01,
      54.47,
      64.51,
      53.92,
      70.18,
      72.81
    ],
    [
      16.79,
      18.63,
      24.33,
      16.63,
      5.63,
      27.16,
      16.44,
      20.59,
      27.08,
      0.0,
      23.11,
      23.7,
      20.42,
      14.51,
      16.14,
      27.76,
      20.95,
      11.07,
      25.28,
      18.73,
      12.34,
      12.2,
      17.42,
      10.67,
      13.76,
      28.42,
      24.47,
      11.11,
      20.18,
      12.94,
      21.95,
      61.66,
      35.29,
      37.81,
      36.01,
      52.51,
      30.56,
      44.35,
      38.9,
      50.28,
      55.57
    ],
    [
      36.08,
      9.24,
      14.72,
      6.53,
      17.54,
      6.23,
      7.32,
      11.67,
      5.63,
      23.11,
      0.0,
      24.0,
      10.22,
      8.9,
      14.8,
      12.72,
      4.11,
      32.92,
      17.31,
      12.38,
      13.78,
      19.34,
      6.2,
      13.79,
      9.47,
      19.43,
      12.39,
      12.43,
      4.51,
      14.99,
      2.56,
      81.48,
      58.37,
      55.32,
      52.77,
      72.4,
      51.98,
      63.17,
      53.62,
      68.97,
      72.29
    ],
    [
      23.1,
      28.62,
      36.17,
      22.23,
      20.87,
      30.21,
      18.99,
      31.92,
      22.68,
      23.7,
      24.0,
      0.0,
      30.72,
      19.31,
      31.15,
      15.81,
      25.95,
      25.24,
      8.67,
      11.78,
      14.8,
      11.59,
      23.79,
      24.86,
      22.14,
      9.74,
      13.16,
      18.63,
      25.58,
      28.69,
      25.4,
      62.99,
      49.98,
      35.99,
      33.04,
      54.43,
      38.41,
      44.52,
      32.2,
      49.79,
      51.17
    ],
    [
      36.34,
      2.2,
      5.46,
      8.49,
      16.07,
      9.24,
      11.76,
      1.45,
      15.77,
      20.42,
      10.22,
      30.72,
      0.0,
      11.53,
      5.99,
      22.58,
      6.19,
      31.43,
      25.82,
      19.2,
      16.9,
      22.48,
      6.96,
      9.81,
      9.14,
      28.44,
      21.46,
      13.49,
      6.05,
      8.09,
      7.67,
      81.85,
      54.73,
      56.98,
      54.79,
      72.69,
      50.96,
      64.14,
      56.65,
      70.07,
      74.56
    ],
    [
      27.35,
      9.37,
      16.97,
      3.36,
      8.88,
      14.09,
      1.98,
      12.66,
      12.58,
      14.51,
      8.9,
      19.31,
      11.53,
      0.0,
      12.24,
      14.95,
      8.11,
      24.02,
      15.63,
      8.32,
      5.62,
      11.4,
      4.9,
      7.32,
      3.03,
      18.64,
      12.44,
      3.54,
      7.46,
      10.46,
      8.46,
      72.91,
      49.62,
      47.08,
      44.66,
      63.79,
      43.13,
      54.73,
      45.98,
      60.58,
      64.34
    ],
    [
      32.76,
      5.71,
      8.28,
      10.42,
      13.0,
      15.13,
      13.36,
      5.33,
      20.4,
      16.14,
      14.8,
      31.15,
      5.99,
      12.24,
      0.0,
      25.97,
      10.77,
      27.17,
      27.81,
      20.56,
      16.43,
      21.27,
      9.45,
      6.79,
      9.21,
      30.74,
      24.14,
      12.59,
      10.28,
      3.25,
      12.36,
      77.77,
      49.32,
      53.71,
      51.74,
      68.63,
      46.53,
      60.46,
      54.12,
      66.39,
      71.44
    ],
    [
      35.24,
      21.12,
      27.4,
      15.6,
      22.52,
      17.84,
      13.17,
      24.03,
      8.55,
      27.76,
      12.72,
      15.81,
      22.58,
      14.95,
      25.97,
      0.0,
      16.44,
      34.59,
      7.17,
      9.27,
      15.45,
      18.21,
      16.53,
      22.24,
      17.62,
      7.72,
      3.56,
      17.31,
      16.53,
      25.0,
      15.12,
      78.23,
      60.8,
      51.28,
      48.41,
      69.46,
      51.48,
      59.69,
      47.94,
      65.15,
      66.92
    ],
    [
      35.25,
      5.15,
      11.05,
      4.83,
      15.64,
      6.26,
      7.35,
      7.64,
      9.73,
      20.95,
      4.11,
      25.95,
      6.19,
      8.11,
      10.77,
      16.44,
      0.0,
      31.37,
      20.18,
      14.18,
      13.68,
      19.47,
      3.59,
      10.8,
      7.31,
      22.61,
      15.56,
      11.26,
      0.77,
      11.3,
      1.59,
      80.88,
      56.19,
      55.18,
      52.77,
      71.75,
      50.75,
      62.78,
      54.06,
      68.64,
      72.45
    ],
    [
      7.11,
      29.58,
      35.39,
      26.73,
      15.75,
      37.62,
      25.73,
      31.65,
      36.02,
      11.07,
      32.92,
      25.24,
      31.43,
      24.02,
      27.17,
      34.59,
      31.37,
      0.0,
      30.09,
      25.37,
      19.97,
      16.44,
      27.78,
      21.63,
      24.06,
      32.86,
      31.04,
      20.49,
      30.6,
      24.0,
      32.17,
      50.6,
      26.24,
      27.47,
      26.03,
      41.46,
      19.54,
      33.5,
      29.72,
      39.42,
      45.17
    ],
    [
      29.64,
      23.97,
      31.11,
      17.65,
      20.83,
      23.24,
      14.49,
      27.19,
      14.74,
      25.28,
      17.31,
      8.67,
      25.82,
      15.63,
      27.81,
      7.17,
      20.18,
      30.09,
      0.0,
      7.44,
      13.47,
      13.88,
      19.0,
      22.62,
      18.66,
      3.19,
      5.09,
      16.62,
      20.01,
      26.05,
      19.23,
      71.44,
      55.99,
      44.45,
      41.54,
      62.78,
      45.64,
      52.92,
      40.86,
      58.29,
      59.83
    ],
    [
      26.52,
      17.19,
      24.63,
      10.75,
      13.8,
      18.61,
      7.48,
      20.49,
      12.31,
      18.73,
      12.38,
      11.78,
      19.2,
      8.32,
      20.56,
      9.27,
      14.18,
      25.37,
      7.44,
      0.0,
      6.44,
      9.15,
      12.25,
      15.18,
      11.35,
      10.56,
      5.8,
      9.22,
      13.83,
      18.66,
      13.63,
      70.73,
      51.61,
      44.06,
      41.36,
      61.79,
      42.81,
      52.23,
      41.71,
      57.89,
      60.56
    ],
    [
      22.38,
      14.7,
      22.26,
      8.98,
      7.4,
      19.47,
      6.54,
      17.9,
      16.09,
      12.34,
      13.78,
      14.8,
      16.9,
      5.62,
      16.43,
      15.45,
      13.68,
      19.97,
      13.47,
      6.44,
      0.0,
      5.79,
      10.51,
      10.08,
      7.8,
      16.65,
      12.13,
      3.85,
      13.05,
      13.89,
      13.86,
      67.69,
      46.09,
      41.63,
      39.16,
      58.61,
      38.46,
      49.41,
      40.38,
      55.22,
      58.8
    ],
    [
      17.43,
      20.28,
      27.75,
      14.76,
      9.5,
      25.19,
      12.26,
      23.39,
      20.91,
      12.2,
      19.34,
      11.59,
      22.48,
      11.4,
      21.27,
      18.21,
      19.47,
      16.44,
      13.88,
      9.15,
      5.79,
      0.0,
      16.29,
      14.54,
      13.35,
      16.84,
      14.65,
      9.02,
      18.84,
      18.38,
      19.6,
      62.25,
      42.61,
      35.97,
      33.45,
      53.21,
      33.7,
      43.87,
      34.59,
      49.64,
      53.04
    ],
    [
      31.71,
      4.98,
      12.4,
      1.59,
      12.07,
      9.84,
      4.8,
      8.25,
      11.43,
      17.42,
      6.2,
      23.79,
      6.96,
      4.9,
      9.45,
      16.53,
      3.59,
      27.78,
      19.0,
      12.25,
      10.51,
      16.29,
      0.0,
      7.61,
      3.72,
      21.74,
      14.9,
      7.76,
      2.83,
      8.98,
      4.55,
      77.36,
      52.7,
      51.76,
      49.4,
      68.22,
      47.17,
      59.29,
      50.84,
      65.17,
      69.12
    ],
    [
      26.61,
      7.97,
      14.23,
      7.46,
      6.41,
      16.81,
      9.09,
      10.16,
      18.75,
      10.67,
      13.79,
      24.86,
      9.81,
      7.32,
      6.79,
      22.24,
      10.8,
      21.63,
      22.62,
      15.18,
      10.08,
      14.54,
      7.61,
      0.0,
      4.74,
      25.72,
      19.74,
      6.27,
      10.05,
      3.87,
      12.06,
      72.04,
      45.56,
      47.4,
      45.31,
      62.88,
      41.17,
      54.41,
      47.49,
      60.34,
      65.06
    ],
    [
      28.09,
      6.94,
      14.46,
      2.94,
      8.35,
      13.56,
      4.47,
      10.1,
      14.11,
      13.76,
      9.47,
      22.14,
      9.14,
      3.03,
      9.21,
      17.62,
      7.31,
      24.06,
      18.66,
      11.35,
      7.8,
      13.35,
      3.72,
      4.74,
      0.0,
      21.65,
      15.32,
      4.4,
      6.54,
      7.49,
      8.2,
      73.75,
      49.05,
      48.33,
      46.03,
      64.61,
      43.47,
      55.76,
      47.67,
      61.65,
      65.78
    ],
    [
      31.97,
      26.67,
      33.63,
      20.45,
      24.01,
      25.1,
      17.38,
      29.84,
      16.11,
      28.42,
      19.43,
      9.74,
      28.44,
      18.64,
      30.74,
      7.72,
      22.61,
      32.86,
      3.19,
      10.56,
      16.65,
      16.84,
      21.74,
      25.72,
      21.65,
      0.0,
      7.07,
      19.77,
      22.52,
      29.09,
      21.54,
      72.7,
      58.56,
      45.71,
      42.74,
      64.17,
      47.76,
      54.25,
      41.66,
      59.47,
      60.55
    ],
    [
      31.71,
      19.76,
      26.59,
      13.73,
      19.36,
      18.2,
      10.88,
      22.87,
      9.68,
      24.47,
      12.39,
      13.16,
      21.46,
      12.44,
      24.14,
      3.56,
      15.56,
      31.04,
      5.09,
      5.8,
      12.13,
      14.65,
      14.9,
      19.74,
      15.32,
      7.07,
      0.0,
      14.36,
      15.49,
      22.81,
      14.47,
      74.98,
      57.25,
      48.09,
      45.26,
      66.17,
      47.96,
      56.44,
      45.01,
      61.96,
      63.98
    ],
    [
      23.99,
      11.3,
      18.73,
      6.44,
      5.5,
      17.42,
      5.37,
      14.38,
      15.99,
      11.11,
      12.43,
      18.63,
      13.49,
      3.54,
      12.59,
      17.31,
      11.26,
      20.49,
      16.62,
      9.22,
      3.85,
      9.02,
      7.76,
      6.27,
      4.4,
      19.77,
      14.36,
      0.0,
      10.54,
      10.06,
      11.82,
      69.62,
      46.09,
      44.02,
      41.69,
      60.49,
      39.65,
      51.54,
      43.27,
      57.41,
      61.42
    ],
    [
      34.52,
      4.77,
      11.12,
      4.14,
      14.88,
      7.02,
      6.82,
      7.5,
      10.13,
      20.18,
      4.51,
      25.58,
      6.05,
      7.46,
      10.28,
      16.53,
      0.77,
      30.6,
      20.01,
      13.83,
      13.05,
      18.84,
      2.83,
      10.05,
      6.54,
      22.52,
      15.49,
      10.54,
      0.0,
      10.66,
      2.15,
      80.16,
      55.42,
      54.5,
      52.1,
      71.03,
      50.0,
      62.07,
      53.43,
      67.94,
      71.79
    ],
    [
      29.51,
      6.94,
      11.39,
      9.49,
      9.8,
      16.58,
      11.93,
      7.89,
      20.4,
      12.94,
      14.99,
      28.69,
      8.09,
      10.46,
      3.25,
      25.0,
      11.3,
      24.0,
      26.05,
      18.66,
      13.89,
      18.38,
      8.98,
      3.87,
      7.49,
      29.09,
      22.81,
      10.06,
      10.66,
      0.0,
      12.8,
      74.6,
      46.66,
      50.46,
      48.49,
      65.45,
      43.42,
      57.23,
      50.89,
      63.17,
      68.19
    ],
    [
      35.79,
      6.73,
      12.29,
      5.43,
      16.53,
      5.64,
      7.34,
      9.12,
      8.16,
      21.95,
      2.56,
      25.4,
      7.67,
      8.46,
      12.36,
      15.12,
      1.59,
      32.17,
      19.23,
      13.63,
      13.86,
      19.6,
      4.55,
      12.06,
      8.2,
      21.54,
      14.47,
      11.82,
      2.15,
      12.8,
      0.0,
      81.37,
      57.23,
      55.48,
      53.02,
      72.25,
      51.46,
      63.18,
      54.13,
      69.02,
      72.64
    ],
    [
      45.66,
      79.89,
      85.98,
      76.06,
      65.83,
      87.0,
      74.2,
      82.16,
      82.98,
      61.66,
      81.48,
      62.99,
      81.85,
      72.91,
      77.77,
      78.23,
      80.88,
      50.6,
      71.44,
      70.73,
      67.69,
      62.25,
      77.36,
      72.04,
      73.75,
      72.7,
      74.98,
      69.62,
      80.16,
      74.6,
      81.37,
      0.0,
      36.92,
      27.0,
      29.96,
      9.16,
      31.54,
      18.54,
      31.96,
      13.3,
      16.73
    ],
    [
      26.91,
      53.29,
      57.37,
      51.92,
      40.83,
      62.34,
      51.45,
      54.51,
      61.97,
      35.29,
      58.37,
      49.98,
      54.73,
      49.62,
      49.32,
      60.8,
      56.19,
      26.24,
      55.99,
      51.61,
      46.09,
      42.61,
      52.7,
      45.56,
      49.05,
      58.56,
      57.25,
      46.09,
      55.42,
      46.66,
      57.23,
      36.92,
      0.0,
      29.38,
      30.76,
      29.68,
      15.09,
      28.22,
      36.48,
      32.03,
      41.01
    ],
    [
      21.02,
      54.89,
      61.62,
      50.36,
      41.0,
      61.1,
      48.17,
      57.52,
      56.37,
      37.81,
      55.32,
      35.99,
      56.98,
      47.08,
      53.71,
      51.28,
      55.18,
      27.47,
      44.45,
      44.06,
      41.63,
      35.97,
      51.76,
      47.4,
      48.33,
      45.71,
      48.09,
      44.02,
      54.5,
      50.46,
      55.48,
      27.0,
      29.38,
      0.0,
      3.07,
      18.56,
      14.88,
      8.58,
      7.71,
      13.87,
      17.76
    ],
    [
      19.28,
      52.68,
      59.54,
      47.97,
      38.9,
      58.63,
      45.69,
      55.38,
      53.66,
      36.01,
      52.77,
      33.04,
      54.79,
      44.66,
      51.74,
      48.41,
      52.77,
      26.03,
      41.54,
      41.36,
      39.16,
      33.45,
      49.4,
      45.31,
      46.03,
      42.74,
      45.26,
      41.69,
      52.1,
      48.49,
      53.02,
      29.96,
      30.76,
      3.07,
      0.0,
      21.61,
      15.83,
      11.62,
      5.72,
      16.75,
      19.77
    ],
    [
      36.52,
      70.73,
      76.83,
      66.93,
      56.67,
      77.88,
      65.11,
      73.01,
      74.01,
      52.51,
      72.4,
      54.43,
      72.69,
      63.79,
      68.63,
      69.46,
      71.75,
      41.46,
      62.78,
      61.79,
      58.61,
      53.21,
      68.22,
      62.88,
      64.61,
      64.17,
      66.17,
      60.49,
      71.03,
      65.45,
      72.25,
      9.16,
      29.68,
      18.56,
      21.61,
      0.0,
      22.55,
      9.99,
      24.49,
      6.35,
      14.28
    ],
    [
      16.29,
      49.12,
      54.79,
      46.03,
      35.23,
      56.99,
      44.68,
      51.15,
      54.47,
      30.56,
      51.98,
      38.41,
      50.96,
      43.13,
      46.53,
      51.48,
      50.75,
      19.54,
      45.64,
      42.81,
      38.46,
      33.7,
      47.17,
      41.17,
      43.47,
      47.76,
      47.96,
      39.65,
      50.0,
      43.42,
      51.46,
      31.54,
      15.09,
      14.88,
      15.83,
      22.55,
      0.0,
      16.55,
      21.53,
      21.93,
      29.64
    ],
    [
      27.81,
      62.11,
      68.55,
      57.95,
      48.08,
      68.82,
      55.94,
      64.57,
      64.51,
      44.35,
      63.17,
      44.52,
      64.14,
      54.73,
      60.46,
      59.69,
      62.78,
      33.5,
      52.92,
      52.23,
      49.41,
      43.87,
      59.29,
      54.41,
      55.76,
      54.25,
      56.44,
      51.54,
      62.07,
      57.23,
      63.18,
      18.54,
      28.22,
      8.58,
      11.62,
      9.99,
      16.55,
      0.0,
      14.87,
      5.93,
      13.18
    ],
    [
      22.68,
      54.49,
      61.63,
      49.34,
      41.13,
      59.66,
      46.8,
      57.37,
      53.92,
      38.9,
      53.62,
      32.2,
      56.65,
      45.98,
      54.12,
      47.94,
      54.06,
      29.72,
      40.86,
      41.71,
      40.38,
      34.59,
      50.84,
      47.49,
      47.67,
      41.66,
      45.01,
      43.27,
      53.43,
      50.89,
      54.13,
      31.96,
      36.48,
      7.71,
      5.72,
      24.49,
      21.53,
      14.87,
      0.0,
      18.75,
      18.98
    ],
    [
      33.74,
      68.03,
      74.48,
      63.81,
      54.0,
      74.66,
      61.76,
      70.5,
      70.18,
      50.28,
      68.97,
      49.79,
      70.07,
      60.58,
      66.39,
      65.15,
      68.64,
      39.42,
      58.29,
      57.89,
      55.22,
      49.64,
      65.17,
      60.34,
      61.65,
      59.47,
      61.96,
      57.41,
      67.94,
      63.17,
      69.02,
      13.3,
      32.03,
      13.87,
      16.75,
      6.35,
      21.93,
      5.93,
      18.75,
      0.0,
      9.23
    ],
    [
      38.78,
      72.44,
      79.29,
      67.67,
      58.65,
      78.23,
      65.3,
      75.14,
      72.81,
      55.57,
      72.29,
      51.17,
      74.56,
      64.34,
      71.44,
      66.92,
      72.45,
      45.17,
      59.83,
      60.56,
      58.8,
      53.04,
      69.12,
      65.06,
      65.78,
      60.55,
      63.98,
      61.42,
      71.79,
      68.19,
      72.64,
      16.73,
      41.01,
      17.76,
      19.77,
      14.28,
      29.64,
      13.18,
      18.98,
      9.23,
      0.0
    ]
  ]
}