{
  "depot_id": 0,
  "depot_index": 0,
  "vehicle_cap": 200,
  "max_vehicles": 25,
  "nodes": [
    {
      "id": 0,
      "x": 50.0,
      "y": 50.0,
      "demand": 0,
      "tw": [
        0,
        1000
      ],
      "service": 0
    },
    {
      "id": 1,
      "x": 28.2206015999449,
      "y": 68.96792982653947,
      "demand": -17,
      "tw": [
        59,
        732
      ],
      "service": 7
    },
    {
      "id": 2,
      "x": 28.786735481908956,
      "y": 47.604054918061905,
      "demand": -8,
      "tw": [
        113,
        871
      ],
      "service": 10
    },
    {
      "id": 3,
      "x": 17.35343166762044,
      "y": 77.20169166589619,
      "demand": -16,
      "tw": [
        69,
        813
      ],
      "service": 8
    },
    {
      "id": 4,
      "x": 20.419800644700228,
      "y": 48.62728182902184,
      "demand": -16,
      "tw": [
        67,
        855
      ],
      "service": 15
    },
    {
      "id": 5,
      "x": 17.76537214674149,
      "y": 57.14000494092092,
      "demand": -13,
      "tw": [
        51,
        836
      ],
      "service": 9
    },
    {
      "id": 6,
      "x": 15.475377676553308,
      "y": 57.77049794903608,
      "demand": -6,
      "tw": [
        88,
        858
      ],
      "service": 8
    },
    {
      "id": 7,
      "x": 22.14093744130204,
      "y": 37.542612212880115,
      "demand": -19,
      "tw": [
        143,
        882
      ],
      "service": 11
    },
    {
      "id": 8,
      "x": 22.30953722945133,
      "y": 41.91063108609639,
      "demand": -8,
      "tw": [
        149,
        777
      ],
      "service": 10
    },
    {
      "id": 9,
      "x": 23.577873603482832,
      "y": 55.60784526368234,
      "demand": -17,
      "tw": [
        119,
        859
      ],
      "service": 8
    },
    {
      "id": 10,
      "x": 29.05121959956559,
      "y": 43.960956275154714,
      "demand": -7,
      "tw": [
        131,
        904
      ],
      "service": 15
    },
    {
      "id": 11,
      "x": 25.15047686306048,
      "y": 88.52731490654722,
      "demand": -14,
      "tw": [
        129,
        858
      ],
      "service": 12
    },
    {
      "id": 12,
      "x": 22.322961581764048,
      "y": 51.76180922052321,
      "demand": -16,
      "tw": [
        83,
        758
      ],
      "service": 6
    },
    {
      "id": 13,
      "x": 15.146364521708964,
      "y": 50.81874139386323,
      "demand": -11,
      "tw": [
        96,
        804
      ],
      "service": 8
    },
    {
      "id": 14,
      "x": 15.854681946101085,
      "y": 50.80198712540815,
      "demand": -7,
      "tw": [
        53,
        817
      ],
      "service": 8
    },
    {
      "id": 15,
      "x": 20.642800190954627,
      "y": 39.22255222070694,
      "demand": -6,
      "tw": [
        126,
        769
      ],
      "service": 11
    },
    {
      "id": 16,
      "x": 43.89035957392463,
      "y": 68.43413758320533,
      "demand": -12,
      "tw": [
        113,
        858
      ],
      "service": 15
    },
    {
      "id": 17,
      "x": -0.2514258665760707,
      "y": 51.86454314769428,
      "demand": -14,
      "tw": [
        129,
        783
      ],
      "service": 9
    },
    {
      "id": 18,
      "x": 12.281809222432448,
      "y": 66.61301730608155,
      "demand": -7,
      "tw": [
        67,
        698
      ],
      "service": 7
    },
    {
      "id": 19,
      "x": 37.65454240281097,
      "y": 54.049817109609556,
      "demand": -12,
      "tw": [
        116,
        771
      ],
      "service": 15
    },
    {
      "id": 20,
      "x": 23.772962654604093,
      "y": 66.5135098647949,
      "demand": -8,
      "tw": [
        111,
        794
      ],
      "service": 7
    },
    {
      "id": 21,
      "x": 32.669111491866225,
      "y": 42.92330534381219,
      "demand": -17,
      "tw": [
        51,
        674
      ],
      "service": 5
    },
    {
      "id": 22,
      "x": 17.62608038793331,
      "y": 68.72005680472304,
      "demand": -13,
      "tw": [
        59,
        757
      ],
      "service": 10
    },
    {
      "id": 23,
      "x": 17.474318486068398,
      "y": 37.52216818035151,
      "demand": -19,
      "tw": [
        89,
        812
      ],
      "service": 11
    },
    {
      "id": 24,
      "x": 18.71587853460292,
      "y": 45.343352287454536,
      "demand": -16,
      "tw": [
        112,
        812
      ],
      "service": 14
    },
    {
      "id": 25,
      "x": 10.18491348952049,
      "y": 54.62103474263271,
      "demand": -10,
      "tw": [
        57,
        785
      ],
      "service": 5
    },
    {
      "id": 26,
      "x": 26.47162696787044,
      "y": 51.26094827824029,
      "demand": -16,
      "tw": [
        107,
        784
      ],
      "service": 12
    },
    {
      "id": 27,
      "x": 41.330333746562665,
      "y": 30.479122004774982,
      "demand": -16,
      "tw": [
        144,
        821
      ],
      "service": 15
    },
    {
      "id": 28,
      "x": 15.135672339476393,
      "y": 52.075982612857196,
      "demand": -11,
      "tw": [
        81,
        849
      ],
      "service": 5
    },
    {
      "id": 29,
      "x": 14.106352430557884,
      "y": 58.496020970210246,
      "demand": -13,
      "tw": [
        61,
        800
      ],
      "service": 11
    },
    {
      "id": 30,
      "x": 23.620139119424707,
      "y": 55.81314134035724,
      "demand": -7,
      "tw": [
        130,
        786
      ],
      "service": 6
    },
    {
      "id": 31,
      "x": 87.47293605123262,
      "y": 56.10370265433465,
      "demand": 70,
      "tw": [
        798,
        1380
      ],
      "service": 9
    },
    {
      "id": 32,
      "x": 73.30797271818787,
      "y": 61.61937317746775,
      "demand": 50,
      "tw": [
        786,
        1457
      ],
      "service": 9
    },
    {
      "id": 33,
      "x": 88.2541634898803,
      "y": 58.135096360006386,
      "demand": 48,
      "tw": [
        620,
        1300
      ],
      "service": 10
    },
    {
      "id": 34,
      "x": 74.7681190641289,
      "y": 59.491429877809985,
      "demand": 25,
      "tw": [
        779,
        1356
      ],
      "service": 5
    },
    {
      "id": 35,
      "x": 83.24166352488442,
      "y": 48.698569456323156,
      "demand": 33,
      "tw": [
        790,
        1404
      ],
      "service": 11
    },
    {
      "id": 36,
      "x": 62.07954899864785,
      "y": 45.532264882100925,
      "demand": 38,
      "tw": [
        665,
        1299
      ],
      "service": 13
    },
    {
      "id": 37,
      "x": 86.24119817052156,
      "y": 56.2834550926428,
      "demand": 45,
      "tw": [
        618,
        1216
      ],
      "service": 5
    },
    {
      "id": 38,
      "x": 59.099822513697205,
      "y": 67.70431516566718,
      "demand": 32,
      "tw": [
        777,
        1347
      ],
      "service": 6
    },
    {
      "id": 39,
      "x": 84.12931454275625,
      "y": 44.36275447196025,
      "demand": 24,
      "tw": [
        723,
        1243
      ],
      "service": 5
    },
    {
      "id": 40,
      "x": 75.6669659309744,
      "y": 52.03822727527467,
      "demand": 7,
      "tw": [
        764,
        1405
      ],
      "service": 5
    }
  ],
  "pairings": [
    [
      1,
      31
    ],
    [
      2,
      31
    ],
    [
      3,
      31
    ],
    [
      4,
      31
    ],
    [
      5,
      31
    ],
    [
      6,
      32
    ],
    [
      7,
      32
    ],
    [
      8,
      32
    ],
    [
      9,
      32
    ],
    [
      10,
      33
    ],
    [
      11,
      33
    ],
    [
      12,
      33
    ],
    [
      13,
      33
    ],
    [
      14,
      34
    ],
    [
      15,
      34
    ],
    [
      16,
      34
    ],
    [
      17,
      35
    ],
    [
      18,
      35
    ],
    [
      19,
      35
    ],
    [
      20,
      36
    ],
    [
      21,
      36
    ],
    [
      22,
      36
    ],
    [
      23,
      37
    ],
    [
      24,
      37
    ],
    [
      25,
      37
    ],
    [
      26,
      38
    ],
    [
      27,
      38
    ],
    [
      28,
      39
    ],
    [
      29,
      39
    ],
    [
      30,
      40
    ]
  ],
  "distance_matrix": [
    [
      0.0,
      28.88,
      21.35,
      42.49,
      29.61,
      33.02,
      35.39,
      30.52,
      28.85,
      27.01,
      21.8,
      45.85,
      27.73,
      34.86,
      34.15,
      31.27,
      19.42,
      50.29,
      41.21,
      12.99,
      30.99,
      18.72,
      37.4,
      34.84,
      31.63,
      40.08,
      23.56,
      21.36,
      34.93,
      36.89,
      27.01,
      37.97,
      26.04,
      39.11,
      26.52,
      33.27,
      12.88,
      36.78,
      19.91,
      34.59,
      25.75
    ],
    [
      28.88,
      0.0,
      21.37,
      13.63,
      21.79,
      15.79,
      16.97,
      32.01,
      27.7,
      14.14,
      25.02,
      19.8,
      18.19,
      22.37,
      21.98,
      30.7,
      15.68,
      33.21,
      16.11,
      17.65,
      5.08,
      26.42,
      10.6,
      33.23,
      25.46,
      23.05,
      17.79,
      40.66,
      21.37,
      17.57,
      13.94,
      60.63,
      45.68,
      61.0,
      47.5,
      58.64,
      41.18,
      59.39,
      30.91,
      61.08,
      50.38
    ],
    [
      21.35,
      21.37,
      0.0,
      31.73,
      8.43,
      14.57,
      16.75,
      12.06,
      8.62,
      9.55,
      3.65,
      41.08,
      7.69,
      14.01,
      13.32,
      11.69,
      25.73,
      29.35,
      25.17,
      10.96,
      19.56,
      6.08,
      23.88,
      15.15,
      10.32,
      19.88,
      4.33,
      21.23,
      14.36,
      18.28,
      9.7,
      59.3,
      46.68,
      60.39,
      47.49,
      54.47,
      33.36,
      58.11,
      36.37,
      55.44,
      47.09
    ],
    [
      42.49,
      13.63,
      31.73,
      0.0,
      28.74,
      20.07,
      19.52,
      39.95,
      35.64,
      22.47,
      35.24,
      13.75,
      25.92,
      26.48,
      26.44,
      38.12,
      27.95,
      30.85,
      11.74,
      30.79,
      12.47,
      37.54,
      8.49,
      39.68,
      31.89,
      23.69,
      27.5,
      52.52,
      25.22,
      18.99,
      22.29,
      73.22,
      58.08,
      73.42,
      60.08,
      71.79,
      54.8,
      71.99,
      42.81,
      74.41,
      63.51
    ],
    [
      29.61,
      21.79,
      8.43,
      28.74,
      0.0,
      8.92,
      10.39,
      11.22,
      6.98,
      7.66,
      9.81,
      40.18,
      3.67,
      5.71,
      5.06,
      9.41,
      30.71,
      20.92,
      19.74,
      18.07,
      18.2,
      13.51,
      20.29,
      11.49,
      3.7,
      11.86,
      6.6,
      27.69,
      6.31,
      11.72,
      7.87,
      67.47,
      54.46,
      68.5,
      55.42,
      62.82,
      41.77,
      66.27,
      43.13,
      63.85,
      55.35
    ],
    [
      33.02,
      15.79,
      14.57,
      20.07,
      8.92,
      0.0,
      2.38,
      20.08,
      15.89,
      6.01,
      17.35,
      32.24,
      7.05,
      6.84,
      6.62,
      18.15,
      28.46,
      18.77,
      10.95,
      20.13,
      11.13,
      20.6,
      11.58,
      19.62,
      11.83,
      7.99,
      10.51,
      35.58,
      5.71,
      3.9,
      6.0,
      69.72,
      55.72,
      70.5,
      57.05,
      66.02,
      45.81,
      68.48,
      42.66,
      67.58,
      58.13
    ],
    [
      35.39,
      16.97,
      16.75,
      19.52,
      10.39,
      2.38,
      0.0,
      21.3,
      17.27,
      8.39,
      19.37,
      32.24,
      9.11,
      6.96,
      6.98,
      19.25,
      30.35,
      16.8,
      9.4,
      22.49,
      12.05,
      22.72,
      11.16,
      20.35,
      12.84,
      6.16,
      12.78,
      37.59,
      5.7,
      1.55,
      8.38,
      72.02,
      57.96,
      72.78,
      59.32,
      68.37,
      48.18,
      70.78,
      44.74,
      69.95,
      60.46
    ],
    [
      30.52,
      32.01,
      12.06,
      39.95,
      11.22,
      20.08,
      21.3,
      0.0,
      4.37,
      18.12,
      9.43,
      51.07,
      14.22,
      15.01,
      14.67,
      2.25,
      37.78,
      26.58,
      30.7,
      22.65,
      29.02,
      11.82,
      31.5,
      4.67,
      8.52,
      20.85,
      14.39,
      20.45,
      16.13,
      22.44,
      18.33,
      67.92,
      56.55,
      69.25,
      57.02,
      62.11,
      40.73,
      66.78,
      47.7,
      62.36,
      55.45
    ],
    [
      28.85,
      27.7,
      8.62,
      35.64,
      6.98,
      15.89,
      17.27,
      4.37,
      0.0,
      13.76,
      7.05,
      46.7,
      9.85,
      11.43,
      10.99,
      3.16,
      34.19,
      24.66,
      26.66,
      19.57,
      24.65,
      10.41,
      27.22,
      6.53,
      4.97,
      17.57,
      10.23,
      22.19,
      12.44,
      18.5,
      13.96,
      66.69,
      54.67,
      67.91,
      55.33,
      61.31,
      39.93,
      65.53,
      44.93,
      61.87,
      54.31
    ],
    [
      27.01,
      14.14,
      9.55,
      22.47,
      7.66,
      6.01,
      8.39,
      18.12,
      13.76,
      0.0,
      12.87,
      32.96,
      4.05,
      9.7,
      9.1,
      16.65,
      24.02,
      24.12,
      15.77,
      14.16,
      10.91,
      15.61,
      14.4,
      19.09,
      11.36,
      13.43,
      5.22,
      30.77,
      9.15,
      9.9,
      0.21,
      63.9,
      50.09,
      64.73,
      51.34,
      60.06,
      39.8,
      62.67,
      37.53,
      61.59,
      52.21
    ],
    [
      21.8,
      25.02,
      3.65,
      35.24,
      9.81,
      17.35,
      19.37,
      9.43,
      7.05,
      12.87,
      0.0,
      44.74,
      10.3,
      15.5,
      14.86,
      9.65,
      28.62,
      30.35,
      28.18,
      13.26,
      23.16,
      3.76,
      27.27,
      13.25,
      10.43,
      21.67,
      7.74,
      18.24,
      16.11,
      20.85,
      13.04,
      59.67,
      47.65,
      60.88,
      48.28,
      54.4,
      33.07,
      58.5,
      38.3,
      55.08,
      47.31
    ],
    [
      45.85,
      19.8,
      41.08,
      13.75,
      40.18,
      32.24,
      32.24,
      51.07,
      46.7,
      32.96,
      44.74,
      0.0,
      36.87,
      39.01,
      38.85,
      49.51,
      27.48,
      44.6,
      25.41,
      36.67,
      22.06,
      46.22,
      21.19,
      51.58,
      43.66,
      37.06,
      37.29,
      60.26,
      37.8,
      32.0,
      32.75,
      70.25,
      55.17,
      70.04,
      57.49,
      70.43,
      56.68,
      69.08,
      39.83,
      73.68,
      62.32
    ],
    [
      27.73,
      18.19,
      7.69,
      25.92,
      3.67,
      7.05,
      9.11,
      14.22,
      9.85,
      4.05,
      10.3,
      36.87,
      0.0,
      7.24,
      6.54,
      12.65,
      27.26,
      22.57,
      17.93,
      15.5,
      14.82,
      13.61,
      17.6,
      15.04,
      7.36,
      12.47,
      4.18,
      28.53,
      7.19,
      10.62,
      4.25,
      65.29,
      51.93,
      66.24,
      53.01,
      61.0,
      40.24,
      64.08,
      40.08,
      62.25,
      53.34
    ],
    [
      34.86,
      22.37,
      14.01,
      26.48,
      5.71,
      6.84,
      6.96,
      15.01,
      11.43,
      9.7,
      15.5,
      39.01,
      7.24,
      0.0,
      0.71,
      12.83,
      33.71,
      15.43,
      16.05,
      22.74,
      17.91,
      19.22,
      18.07,
      13.5,
      6.54,
      6.25,
      11.33,
      33.16,
      1.26,
      7.75,
      9.84,
      72.52,
      59.16,
      73.47,
      60.25,
      68.13,
      47.23,
      71.3,
      47.09,
      69.28,
      60.53
    ],
    [
      34.15,
      21.98,
      13.32,
      26.44,
      5.06,
      6.62,
      6.98,
      14.67,
      10.99,
      9.1,
      14.86,
      38.85,
      6.54,
      0.71,
      0.0,
      12.53,
      33.12,
      16.14,
      16.21,
      22.04,
      17.59,
      18.57,
      18.01,
      13.38,
      6.16,
      6.84,
      10.63,
      32.59,
      1.46,
      7.89,
      9.24,
      71.81,
      58.46,
      72.77,
      59.55,
      67.42,
      46.52,
      70.6,
      46.43,
      68.58,
      59.83
    ],
    [
      31.27,
      30.7,
      11.69,
      38.12,
      9.41,
      18.15,
      19.25,
      2.25,
      3.16,
      16.65,
      9.65,
      49.51,
      12.65,
      12.83,
      12.53,
      0.0,
      37.33,
      24.42,
      28.64,
      22.57,
      27.47,
      12.58,
      29.65,
      3.6,
      6.42,
      18.61,
      13.38,
      22.46,
      13.98,
      20.35,
      16.86,
      68.93,
      57.23,
      70.21,
      57.8,
      63.31,
      41.91,
      67.78,
      47.86,
      63.69,
      56.5
    ],
    [
      19.42,
      15.68,
      25.73,
      27.95,
      30.71,
      28.46,
      30.35,
      37.78,
      34.19,
      24.02,
      28.62,
      27.48,
      27.26,
      33.71,
      33.12,
      37.33,
      0.0,
      47.15,
      31.66,
      15.68,
      20.21,
      27.87,
      26.27,
      40.66,
      34.16,
      36.43,
      24.46,
      38.04,
      33.08,
      31.4,
      23.88,
      45.29,
      30.2,
      45.54,
      32.15,
      44.02,
      29.25,
      44.06,
      15.23,
      46.89,
      35.76
    ],
    [
      50.29,
      33.21,
      29.35,
      30.85,
      20.92,
      18.77,
      16.8,
      26.58,
      24.66,
      24.12,
      30.35,
      44.6,
      22.57,
      15.43,
      16.14,
      24.42,
      47.15,
      0.0,
      19.35,
      37.97,
      28.14,
      34.11,
      24.57,
      22.8,
      20.06,
      10.79,
      26.73,
      46.76,
      15.39,
      15.82,
      24.2,
      87.83,
      74.2,
      88.73,
      75.41,
      83.55,
      62.65,
      86.61,
      61.43,
      84.71,
      75.92
    ],
    [
      41.21,
      16.11,
      25.17,
      11.74,
      19.74,
      10.95,
      9.4,
      30.7,
      26.66,
      15.77,
      28.18,
      25.41,
      17.93,
      16.05,
      16.21,
      28.64,
      31.66,
      19.35,
      0.0,
      28.31,
      11.49,
      31.25,
      5.74,
      29.55,
      22.22,
      12.17,
      20.91,
      46.36,
      14.81,
      8.32,
      15.66,
      75.92,
      61.23,
      76.44,
      62.89,
      73.19,
      54.08,
      74.68,
      46.83,
      75.21,
      65.04
    ],
    [
      12.99,
      17.65,
      10.96,
      30.79,
      18.07,
      20.13,
      22.49,
      22.65,
      19.57,
      14.16,
      13.26,
      36.67,
      15.5,
      22.74,
      22.04,
      22.57,
      15.68,
      37.97,
      28.31,
      0.0,
      18.66,
      12.19,
      24.83,
      26.08,
      20.84,
      27.48,
      11.53,
      23.86,
      22.61,
      23.96,
      14.14,
      49.86,
      36.45,
      50.76,
      37.51,
      45.9,
      25.87,
      48.64,
      25.42,
      47.47,
      38.07
    ],
    [
      30.99,
      5.08,
      19.56,
      12.47,
      18.2,
      11.13,
      12.05,
      29.02,
      24.65,
      10.91,
      23.16,
      22.06,
      14.82,
      17.91,
      17.59,
      27.47,
      20.21,
      28.14,
      11.49,
      18.66,
      0.0,
      25.21,
      6.53,
      29.67,
      21.77,
      18.06,
      15.49,
      40.08,
      16.82,
      12.56,
      10.7,
      64.54,
      49.78,
      65.02,
      51.48,
      62.08,
      43.68,
      63.3,
      35.35,
      64.29,
      53.88
    ],
    [
      18.72,
      26.42,
      6.08,
      37.54,
      13.51,
      20.6,
      22.72,
      11.82,
      10.41,
      15.61,
      3.76,
      46.22,
      13.61,
      19.22,
      18.57,
      12.58,
      27.87,
      34.11,
      31.25,
      12.19,
      25.21,
      0.0,
      29.86,
      16.13,
      14.16,
      25.35,
      10.39,
      15.16,
      19.78,
      24.23,
      15.75,
      56.37,
      44.73,
      57.63,
      45.24,
      50.9,
      29.53,
      55.21,
      36.23,
      51.48,
      43.95
    ],
    [
      37.4,
      10.6,
      23.88,
      8.49,
      20.29,
      11.58,
      11.16,
      31.5,
      27.22,
      14.4,
      27.27,
      21.19,
      17.6,
      18.07,
      18.01,
      29.65,
      26.27,
      24.57,
      5.74,
      24.83,
      6.53,
      29.86,
      0.0,
      31.2,
      23.4,
      15.94,
      19.57,
      44.99,
      16.83,
      10.81,
      14.23,
      70.98,
      56.13,
      71.42,
      57.88,
      68.6,
      50.14,
      69.73,
      41.49,
      70.82,
      60.39
    ],
    [
      34.84,
      33.23,
      15.15,
      39.68,
      11.49,
      19.62,
      20.35,
      4.67,
      6.53,
      19.09,
      13.25,
      51.58,
      15.04,
      13.5,
      13.38,
      3.6,
      40.66,
      22.8,
      29.55,
      26.08,
      29.67,
      16.13,
      31.2,
      0.0,
      7.92,
      18.59,
      16.42,
      24.87,
      14.74,
      21.24,
      19.3,
      72.42,
      60.81,
      73.72,
      61.36,
      66.71,
      45.32,
      71.28,
      51.42,
      67.01,
      59.98
    ],
    [
      31.63,
      25.46,
      10.32,
      31.89,
      3.7,
      11.83,
      12.84,
      8.52,
      4.97,
      11.36,
      10.43,
      43.66,
      7.36,
      6.54,
      6.16,
      6.42,
      34.16,
      20.06,
      22.22,
      20.84,
      21.77,
      14.16,
      23.4,
      7.92,
      0.0,
      12.6,
      9.76,
      27.06,
      7.63,
      13.94,
      11.56,
      69.59,
      56.97,
      70.71,
      57.81,
      64.61,
      43.36,
      68.41,
      46.16,
      65.42,
      57.34
    ],
    [
      40.08,
      23.05,
      19.88,
      23.69,
      11.86,
      7.99,
      6.16,
      20.85,
      17.57,
      13.43,
      21.67,
      37.06,
      12.47,
      6.25,
      6.84,
      18.61,
      36.43,
      10.79,
      12.17,
      27.48,
      18.06,
      25.35,
      15.94,
      18.59,
      12.6,
      0.0,
      16.63,
      39.41,
      5.57,
      5.51,
      13.49,
      77.3,
      63.51,
      78.15,
      64.77,
      73.3,
      52.68,
      76.07,
      50.63,
      74.65,
      65.53
    ],
    [
      23.56,
      17.79,
      4.33,
      27.5,
      6.6,
      10.51,
      12.78,
      14.39,
      10.23,
      5.22,
      7.74,
      37.29,
      4.18,
      11.33,
      10.63,
      13.38,
      24.46,
      26.73,
      20.91,
      11.53,
      15.49,
      10.39,
      19.57,
      16.42,
      9.76,
      16.63,
      0.0,
      25.55,
      11.37,
      14.33,
      5.37,
      61.19,
      47.97,
      62.16,
      48.99,
      56.83,
      36.07,
      59.98,
      36.54,
      58.07,
      49.2
    ],
    [
      21.36,
      40.66,
      21.23,
      52.52,
      27.69,
      35.58,
      37.59,
      20.45,
      22.19,
      30.77,
      18.24,
      60.26,
      28.53,
      33.16,
      32.59,
      22.46,
      38.04,
      46.76,
      46.36,
      23.86,
      40.08,
      15.16,
      44.99,
      24.87,
      27.06,
      39.41,
      25.55,
      0.0,
      33.95,
      39.07,
      30.91,
      52.78,
      44.64,
      54.47,
      44.27,
      45.7,
      25.63,
      51.8,
      41.25,
      44.99,
      40.54
    ],
    [
      34.93,
      21.37,
      14.36,
      25.22,
      6.31,
      5.71,
      5.7,
      16.13,
      12.44,
      9.15,
      16.11,
      37.8,
      7.19,
      1.26,
      1.46,
      13.98,
      33.08,
      15.39,
      14.81,
      22.61,
      16.82,
      19.78,
      16.83,
      14.74,
      7.63,
      5.57,
      11.37,
      33.95,
      0.0,
      6.5,
      9.27,
      72.45,
      58.95,
      73.37,
      60.09,
      68.19,
      47.4,
      71.23,
      46.66,
      69.42,
      60.53
    ],
    [
      36.89,
      17.57,
      18.28,
      18.99,
      11.72,
      3.9,
      1.55,
      22.44,
      18.5,
      9.9,
      20.85,
      32.0,
      10.62,
      7.75,
      7.89,
      20.35,
      31.4,
      15.82,
      8.32,
      23.96,
      12.56,
      24.23,
      10.81,
      21.24,
      13.94,
      5.51,
      14.33,
      39.07,
      6.5,
      0.0,
      9.88,
      73.41,
      59.28,
      74.15,
      60.67,
      69.83,
      49.69,
      72.17,
      45.93,
      71.44,
      61.9
    ],
    [
      27.01,
      13.94,
      9.7,
      22.29,
      7.87,
      6.0,
      8.38,
      18.33,
      13.96,
      0.21,
      13.04,
      32.75,
      4.25,
      9.84,
      9.24,
      16.86,
      23.88,
      24.2,
      15.66,
      14.14,
      10.7,
      15.75,
      14.23,
      19.3,
      11.56,
      13.49,
      5.37,
      30.91,
      9.27,
      9.88,
      0.0,
      63.85,
      50.03,
      64.68,
      51.28,
      60.04,
      39.81,
      62.62,
      37.42,
      61.58,
      52.18
    ],
    [
      37.97,
      60.63,
      59.3,
      73.22,
      67.47,
      69.72,
      72.02,
      67.92,
      66.69,
      63.9,
      59.67,
      70.25,
      65.29,
      72.52,
      71.81,
      68.93,
      45.29,
      87.83,
      75.92,
      49.86,
      64.54,
      56.37,
      70.98,
      72.42,
      69.59,
      77.3,
      61.19,
      52.78,
      72.45,
      73.41,
      63.85,
      0.0,
      15.2,
      2.18,
      13.15,
      8.53,
      27.51,
      1.24,
      30.65,
      12.21,
      12.49
    ],
    [
      26.04,
      45.68,
      46.68,
      58.08,
      54.46,
      55.72,
      57.96,
      56.55,
      54.67,
      50.09,
      47.65,
      55.17,
      51.93,
      59.16,
      58.46,
      57.23,
      30.2,
      74.2,
      61.23,
      36.45,
      49.78,
      44.73,
      56.13,
      60.81,
      56.97,
      63.51,
      47.97,
      44.64,
      58.95,
      59.28,
      50.03,
      15.2,
      0.0,
      15.35,
      2.58,
      16.3,
      19.62,
      13.99,
      15.46,
      20.37,
      9.87
    ],
    [
      39.11,
      61.0,
      60.39,
      73.42,
      68.5,
      70.5,
      72.78,
      69.25,
      67.91,
      64.73,
      60.88,
      70.04,
      66.24,
      73.47,
      72.77,
      70.21,
      45.54,
      88.73,
      76.44,
      50.76,
      65.02,
      57.63,
      71.42,
      73.72,
      70.71,
      78.15,
      62.16,
      54.47,
      73.37,
      74.15,
      64.68,
      2.18,
      15.35,
      0.0,
      13.55,
      10.69,
      29.05,
      2.74,
      30.68,
      14.38,
      13.99
    ],
    [
      26.52,
      47.5,
      47.49,
      60.08,
      55.42,
      57.05,
      59.32,
      57.02,
      55.33,
      51.34,
      48.28,
      57.49,
      53.01,
      60.25,
      59.55,
      57.8,
      32.15,
      75.41,
      62.89,
      37.51,
      51.48,
      45.24,
      57.88,
      61.36,
      57.81,
      64.77,
      48.99,
      44.27,
      60.09,
      60.67,
      51.28,
      13.15,
      2.58,
      13.55,
      0.0,
      13.72,
      18.86,
      11.91,
      17.69,
      17.79,
      7.51
    ],
    [
      33.27,
      58.64,
      54.47,
      71.79,
      62.82,
      66.02,
      68.37,
      62.11,
      61.31,
      60.06,
      54.4,
      70.43,
      61.0,
      68.13,
      67.42,
      63.31,
      44.02,
      83.55,
      73.19,
      45.9,
      62.08,
      50.9,
      68.6,
      66.71,
      64.61,
      73.3,
      56.83,
      45.7,
      68.19,
      69.83,
      60.04,
      8.53,
      16.3,
      10.69,
      13.72,
      0.0,
      21.4,
      8.16,
      30.73,
      4.43,
      8.28
    ],
    [
      12.88,
      41.18,
      33.36,
      54.8,
      41.77,
      45.81,
      48.18,
      40.73,
      39.93,
      39.8,
      33.07,
      56.68,
      40.24,
      47.23,
      46.52,
      41.91,
      29.25,
      62.65,
      54.08,
      25.87,
      43.68,
      29.53,
      50.14,
      45.32,
      43.36,
      52.68,
      36.07,
      25.63,
      47.4,
      49.69,
      39.81,
      27.51,
      19.62,
      29.05,
      18.86,
      21.4,
      0.0,
      26.45,
      22.37,
      22.08,
      15.06
    ],
    [
      36.78,
      59.39,
      58.11,
      71.99,
      66.27,
      68.48,
      70.78,
      66.78,
      65.53,
      62.67,
      58.5,
      69.08,
      64.08,
      71.3,
      70.6,
      67.78,
      44.06,
      86.61,
      74.68,
      48.64,
      63.3,
      55.21,
      69.73,
      71.28,
      68.41,
      76.07,
      59.98,
      51.8,
      71.23,
      72.17,
      62.62,
      1.24,
      13.99,
      2.74,
      11.91,
      8.16,
      26.45,
      0.0,
      29.45,
      12.11,
      11.39
    ],
    [
      19.91,
      30.91,
      36.37,
      42.81,
      43.13,
      42.66,
      44.74,
      47.7,
      44.93,
      37.53,
      38.3,
      39.83,
      40.08,
      47.09,
      46.43,
      47.86,
      15.23,
      61.43,
      46.83,
      25.42,
      35.35,
      36.23,
      41.49,
      51.42,
      46.16,
      50.63,
      36.54,
      41.25,
      46.66,
      45.93,
      37.42,
      30.65,
      15.46,
      30.68,
      17.69,
      30.73,
      22.37,
      29.45,
      0.0,
      34.22,
      22.8
    ],
    [
      34.59,
      61.08,
      55.44,
      74.41,
      63.85,
      67.58,
      69.95,
      62.36,
      61.87,
      61.59,
      55.08,
      73.68,
      62.25,
      69.28,
      68.58,
      63.69,
      46.89,
      84.71,
      75.21,
      47.47,
      64.29,
      51.48,
      70.82,
      67.01,
      65.42,
      74.65,
      58.07,
      44.99,
      69.42,
      71.44,
      61.58,
      12.21,
      20.37,
      14.38,
      17.79,
      4.43,
      22.08,
      12.11,
      34.22,
      0.0,
      11.42
    ],
    [
      25.75,
      50.38,
      47.09,
      63.51,
      55.35,
      58.13,
      60.46,
      55.45,
      54.31,
      52.21,
      47.31,
      62.32,
      53.34,
      60.53,
      59.83,
      56.5,
      35.76,
      75.92,
      65.04,
      38.07,
      53.88,
      43.95,
      60.39,
      59.98,
      57.34,
      65.53,
      49.2,
      40.54,
      60.53,
      61.9,
      52.18,
      12.49,
      9.87,
      13.99,
      7.51,
      8.28,
      15.06,
      11.39,
      22.8,
      11.42,
      0.0
    ]
  ]
}