{
  "depot_id": 0,
  "depot_index": 0,
  "vehicle_cap": 200,
  "max_vehicles": 25,
  "nodes": [
    {
      "id": 0,
      "x": 50.0,
      "y": 50.0,
      "demand": 0,
      "tw": [
        0,
        1000
      ],
      "service": 0
    },
    {
      "id": 1,
      "x": 16.787017126815353,
      "y": 88.93116628009403,
      "demand": -10,
      "tw": [
        87,
        761
      ],
      "service": 13
    },
    {
      "id": 2,
      "x": 85.7798861907087,
      "y": 88.88008510582966,
      "demand": -12,
      "tw": [
        125,
        800
      ],
      "service": 5
    },
    {
      "id": 3,
      "x": 72.17175327419494,
      "y": 54.6723399788644,
      "demand": -10,
      "tw": [
        92,
        873
      ],
      "service": 6
    },
    {
      "id": 4,
      "x": 49.41000834326873,
      "y": 10.908291581393526,
      "demand": -19,
      "tw": [
        96,
        707
      ],
      "service": 6
    },
    {
      "id": 5,
      "x": 19.40209974216839,
      "y": 61.93682416928509,
      "demand": -17,
      "tw": [
        124,
        840
      ],
      "service": 15
    },
    {
      "id": 6,
      "x": 39.98964636189633,
      "y": 32.85696690254886,
      "demand": -13,
      "tw": [
        136,
        780
      ],
      "service": 15
    },
    {
      "id": 7,
      "x": 10.972357975185307,
      "y": 87.59030613661112,
      "demand": -12,
      "tw": [
        54,
        832
      ],
      "service": 10
    },
    {
      "id": 8,
      "x": 89.43718368954403,
      "y": 15.903725178831909,
      "demand": -15,
      "tw": [
        105,
        898
      ],
      "service": 10
    },
    {
      "id": 9,
      "x": 60.351891050821,
      "y": 65.65989511876937,
      "demand": -6,
      "tw": [
        95,
        820
      ],
      "service": 11
    },
    {
      "id": 10,
      "x": 82.09264083927911,
      "y": 13.63571042731663,
      "demand": -12,
      "tw": [
        78,
        868
      ],
      "service": 14
    },
    {
      "id": 11,
      "x": 46.45254022285704,
      "y": 59.61060782412294,
      "demand": -6,
      "tw": [
        77,
        714
      ],
      "service": 10
    },
    {
      "id": 12,
      "x": 38.268178242084225,
      "y": 56.692488948069766,
      "demand": -15,
      "tw": [
        57,
        851
      ],
      "service": 15
    },
    {
      "id": 13,
      "x": 65.85293712157961,
      "y": 52.88770930752963,
      "demand": -17,
      "tw": [
        80,
        842
      ],
      "service": 12
    },
    {
      "id": 14,
      "x": 23.009355147591304,
      "y": 82.8741747595074,
      "demand": -13,
      "tw": [
        132,
        921
      ],
      "service": 12
    },
    {
      "id": 15,
      "x": 59.07321567486319,
      "y": 43.45944290324951,
      "demand": -7,
      "tw": [
        143,
        916
      ],
      "service": 5
    },
    {
      "id": 16,
      "x": 12.10935795978016,
      "y": 40.117069350243966,
      "demand": -11,
      "tw": [
        131,
        928
      ],
      "service": 6
    },
    {
      "id": 17,
      "x": 57.53045722817081,
      "y": 40.47126853048172,
      "demand": -15,
      "tw": [
        146,
        914
      ],
      "service": 14
    },
    {
      "id": 18,
      "x": 47.49545278359762,
      "y": 43.185560187013216,
      "demand": -11,
      "tw": [
        77,
        688
      ],
      "service": 14
    },
    {
      "id": 19,
      "x": 75.03208073040621,
      "y": 89.97741386289044,
      "demand": -20,
      "tw": [
        149,
        860
      ],
      "service": 13
    },
    {
      "id": 20,
      "x": 85.58125839059424,
      "y": 77.97179125419292,
      "demand": -17,
      "tw": [
        74,
        764
      ],
      "service": 6
    },
    {
      "id": 21,
      "x": 86.32408218069779,
      "y": 58.493970756070404,
      "demand": -19,
      "tw": [
        72,
        806
      ],
      "service": 11
    },
    {
      "id": 22,
      "x": 38.65301744262724,
      "y": 19.08460737597032,
      "demand": -9,
      "tw": [
        117,
        821
      ],
      "service": 13
    },
    {
      "id": 23,
      "x": 51.61308008895947,
      "y": 78.1745200254832,
      "demand": -13,
      "tw": [
        105,
        817
      ],
      "service": 14
    },
    {
      "id": 24,
      "x": 42.27862929699177,
      "y": 20.72121827605126,
      "demand": -9,
      "tw": [
        52,
        803
      ],
      "service": 11
    },
    {
      "id": 25,
      "x": 66.32638144793788,
      "y": 27.037132920712857,
      "demand": -12,
      "tw": [
        63,
        665
      ],
      "service": 8
    },
    {
      "id": 26,
      "x": 57.193414948370645,
      "y": 41.379523607978584,
      "demand": -13,
      "tw": [
        93,
        873
      ],
      "service": 8
    },
    {
      "id": 27,
      "x": 51.119159132784866,
      "y": 72.69224101929144,
      "demand": -18,
      "tw": [
        89,
        813
      ],
      "service": 14
    },
    {
      "id": 28,
      "x": 85.96164989261138,
      "y": 21.765878474323035,
      "demand": -17,
      "tw": [
        142,
        840
      ],
      "service": 7
    },
    {
      "id": 29,
      "x": 46.7308604990609,
      "y": 88.40260602283817,
      "demand": -16,
      "tw": [
        99,
        764
      ],
      "service": 11
    },
    {
      "id": 30,
      "x": 29.211649502255447,
      "y": 16.06906624869311,
      "demand": -12,
      "tw": [
        62,
        687
      ],
      "service": 6
    },
    {
      "id": 31,
      "x": 21.10617381195281,
      "y": 61.26997958425717,
      "demand": 32,
      "tw": [
        636,
        1205
      ],
      "service": 14
    },
    {
      "id": 32,
      "x": 47.916931221029785,
      "y": 63.40461908168217,
      "demand": 49,
      "tw": [
        634,
        1172
      ],
      "service": 5
    },
    {
      "id": 33,
      "x": 23.514805045773166,
      "y": 32.287227122556686,
      "demand": 33,
      "tw": [
        635,
        1152
      ],
      "service": 6
    },
    {
      "id": 34,
      "x": 46.86230144261806,
      "y": 26.5066974724634,
      "demand": 33,
      "tw": [
        672,
        1272
      ],
      "service": 12
    },
    {
      "id": 35,
      "x": 13.144971187287915,
      "y": 73.95283191272341,
      "demand": 37,
      "tw": [
        725,
        1241
      ],
      "service": 14
    },
    {
      "id": 36,
      "x": 83.66979204254505,
      "y": 14.8862367883891,
      "demand": 37,
      "tw": [
        655,
        1316
      ],
      "service": 13
    },
    {
      "id": 37,
      "x": 24.761681548510186,
      "y": 26.747945866936824,
      "demand": 56,
      "tw": [
        674,
        1270
      ],
      "service": 11
    },
    {
      "id": 38,
      "x": 39.51309116558179,
      "y": 47.002777290651835,
      "demand": 31,
      "tw": [
        749,
        1256
      ],
      "service": 7
    },
    {
      "id": 39,
      "x": 67.0679668707642,
      "y": 81.61654701497595,
      "demand": 43,
      "tw": [
        702,
        1308
      ],
      "service": 6
    },
    {
      "id": 40,
      "x": 45.79298934587637,
      "y": 52.60938131640185,
      "demand": 45,
      "tw": [
        648,
        1201
      ],
      "service": 9
    }
  ],
  "pairings": [
    [
      1,
      31
    ],
    [
      2,
      31
    ],
    [
      3,
      31
    ],
    [
      4,
      32
    ],
    [
      5,
      32
    ],
    [
      6,
      32
    ],
    [
      7,
      33
    ],
    [
      8,
      33
    ],
    [
      9,
      33
    ],
    [
      10,
      34
    ],
    [
      11,
      34
    ],
    [
      12,
      34
    ],
    [
      13,
      35
    ],
    [
      14,
      35
    ],
    [
      15,
      35
    ],
    [
      16,
      36
    ],
    [
      17,
      36
    ],
    [
      18,
      36
    ],
    [
      19,
      37
    ],
    [
      20,
      37
    ],
    [
      21,
      37
    ],
    [
      22,
      38
    ],
    [
      23,
      38
    ],
    [
      24,
      38
    ],
    [
      25,
      39
    ],
    [
      26,
      39
    ],
    [
      27,
      39
    ],
    [
      28,
      40
    ],
    [
      29,
      40
    ],
    [
      30,
      40
    ]
  ],
  "distance_matrix": [
    [
      0.0,
      51.17,
      52.84,
      22.66,
      39.1,
      32.84,
      19.85,
      54.19,
      52.13,
      18.77,
      48.5,
      10.24,
      13.51,
      16.11,
      42.53,
      11.18,
      39.16,
      12.15,
      7.26,
      47.17,
      45.26,
      37.3,
      32.93,
      28.22,
      30.28,
      28.18,
      11.23,
      22.72,
      45.72,
      38.54,
      39.79,
      31.01,
      13.57,
      31.86,
      23.7,
      43.95,
      48.65,
      34.32,
      10.91,
      35.93,
      4.95
    ],
    [
      51.17,
      0.0,
      68.99,
      65.12,
      84.57,
      27.12,
      60.69,
      5.97,
      103.01,
      49.39,
      99.67,
      41.71,
      38.74,
      60.88,
      8.68,
      62.1,
      49.04,
      63.31,
      55.1,
      58.25,
      69.66,
      75.91,
      73.19,
      36.45,
      72.82,
      79.28,
      62.4,
      37.98,
      96.42,
      29.95,
      73.91,
      28.0,
      40.26,
      57.04,
      69.29,
      15.41,
      99.78,
      62.69,
      47.69,
      50.81,
      46.48
    ],
    [
      52.84,
      68.99,
      0.0,
      36.82,
      86.04,
      71.64,
      72.36,
      74.82,
      73.07,
      34.43,
      75.33,
      49.02,
      57.39,
      41.14,
      63.06,
      52.69,
      88.35,
      56.05,
      59.61,
      10.8,
      10.91,
      30.39,
      84.22,
      35.8,
      80.86,
      64.83,
      55.44,
      38.25,
      67.11,
      39.05,
      92.2,
      70.32,
      45.64,
      84.14,
      73.52,
      74.15,
      74.02,
      87.08,
      62.4,
      20.07,
      53.99
    ],
    [
      22.66,
      65.12,
      36.82,
      0.0,
      49.33,
      53.27,
      38.88,
      69.49,
      42.44,
      16.14,
      42.22,
      26.19,
      33.96,
      6.57,
      56.68,
      17.24,
      61.8,
      20.4,
      27.22,
      35.42,
      26.88,
      14.66,
      48.89,
      31.23,
      45.24,
      28.25,
      20.03,
      27.71,
      35.68,
      42.25,
      57.76,
      51.49,
      25.78,
      53.56,
      37.87,
      62.1,
      41.41,
      55.02,
      33.55,
      27.42,
      26.46
    ],
    [
      39.1,
      84.57,
      86.04,
      49.33,
      0.0,
      59.2,
      23.88,
      85.78,
      40.34,
      55.83,
      32.8,
      48.79,
      47.12,
      45.08,
      76.66,
      33.96,
      47.38,
      30.66,
      32.33,
      83.12,
      76.2,
      60.22,
      13.51,
      67.3,
      12.13,
      23.37,
      31.45,
      61.81,
      38.13,
      77.54,
      20.85,
      57.77,
      52.52,
      33.58,
      15.81,
      72.73,
      34.49,
      29.3,
      37.43,
      72.88,
      41.86
    ],
    [
      32.84,
      27.12,
      71.64,
      53.27,
      59.2,
      0.0,
      35.63,
      27.0,
      83.81,
      41.12,
      79.14,
      27.15,
      19.58,
      47.32,
      21.25,
      43.76,
      23.01,
      43.76,
      33.78,
      62.3,
      68.09,
      67.01,
      46.98,
      36.07,
      47.14,
      58.48,
      43.02,
      33.49,
      77.74,
      38.04,
      46.9,
      1.83,
      28.55,
      29.93,
      44.83,
      13.55,
      79.65,
      35.59,
      25.05,
      51.57,
      27.99
    ],
    [
      19.85,
      60.69,
      72.36,
      38.88,
      23.88,
      35.63,
      0.0,
      61.95,
      52.27,
      38.61,
      46.28,
      27.52,
      23.9,
      32.71,
      52.82,
      21.83,
      28.81,
      19.12,
      12.77,
      67.01,
      64.14,
      52.95,
      13.84,
      46.78,
      12.35,
      26.97,
      19.2,
      41.36,
      47.29,
      55.95,
      19.95,
      34.12,
      31.56,
      16.48,
      9.36,
      49.09,
      47.23,
      16.41,
      14.15,
      55.77,
      20.59
    ],
    [
      54.19,
      5.97,
      74.82,
      69.49,
      85.78,
      27.0,
      61.95,
      0.0,
      106.28,
      54.03,
      102.6,
      45.19,
      41.23,
      64.93,
      12.93,
      65.28,
      47.49,
      66.24,
      57.5,
      64.1,
      75.23,
      80.77,
      73.89,
      41.72,
      73.83,
      82.04,
      65.36,
      42.82,
      99.78,
      35.77,
      73.81,
      28.2,
      44.16,
      56.71,
      70.85,
      13.81,
      102.81,
      62.39,
      49.62,
      56.41,
      49.36
    ],
    [
      52.13,
      103.01,
      73.07,
      42.44,
      40.34,
      83.81,
      52.27,
      106.28,
      0.0,
      57.63,
      7.69,
      61.3,
      65.44,
      43.86,
      94.33,
      41.0,
      81.03,
      40.27,
      50.03,
      75.46,
      62.19,
      42.7,
      50.88,
      72.86,
      47.4,
      25.65,
      41.09,
      68.51,
      6.81,
      84.14,
      60.23,
      82.02,
      63.09,
      67.93,
      43.88,
      95.87,
      5.86,
      65.58,
      58.82,
      69.42,
      57.03
    ],
    [
      18.77,
      49.39,
      34.43,
      16.14,
      55.83,
      41.12,
      38.61,
      54.03,
      57.63,
      0.0,
      56.38,
      15.16,
      23.83,
      13.91,
      41.12,
      22.24,
      54.59,
      25.35,
      25.89,
      28.41,
      28.07,
      26.94,
      51.38,
      15.26,
      48.44,
      39.08,
      24.48,
      11.61,
      50.82,
      26.51,
      58.56,
      39.49,
      12.64,
      49.71,
      41.41,
      47.93,
      55.87,
      52.73,
      27.97,
      17.31,
      19.55
    ],
    [
      48.5,
      99.67,
      75.33,
      42.22,
      32.8,
      79.14,
      46.28,
      102.6,
      7.69,
      56.38,
      0.0,
      58.17,
      61.44,
      42.48,
      91.02,
      37.67,
      74.83,
      36.38,
      45.5,
      76.67,
      64.43,
      45.06,
      43.78,
      71.37,
      40.44,
      20.69,
      37.28,
      66.69,
      9.0,
      82.71,
      52.94,
      77.38,
      60.37,
      61.48,
      37.51,
      91.61,
      2.01,
      58.81,
      54.1,
      69.62,
      53.26
    ],
    [
      10.24,
      41.71,
      49.02,
      26.19,
      48.79,
      27.15,
      27.52,
      45.19,
      61.3,
      15.16,
      58.17,
      0.0,
      8.69,
      20.53,
      33.03,
      20.5,
      39.49,
      22.11,
      16.46,
      41.7,
      43.22,
      39.89,
      41.27,
      19.27,
      39.11,
      38.16,
      21.16,
      13.89,
      54.71,
      28.79,
      46.83,
      25.4,
      4.07,
      35.68,
      33.11,
      36.26,
      58.18,
      39.38,
      14.39,
      30.15,
      7.03
    ],
    [
      13.51,
      38.74,
      57.39,
      33.96,
      47.12,
      19.58,
      23.9,
      41.23,
      65.44,
      23.83,
      61.44,
      8.69,
      0.0,
      27.85,
      30.3,
      24.66,
      30.97,
      25.18,
      16.36,
      49.59,
      51.88,
      48.09,
      37.61,
      25.29,
      36.19,
      40.83,
      24.34,
      20.52,
      59.11,
      32.82,
      41.62,
      17.76,
      11.75,
      28.52,
      31.39,
      30.48,
      61.72,
      32.85,
      9.77,
      38.09,
      8.56
    ],
    [
      16.11,
      60.88,
      41.14,
      6.57,
      45.08,
      47.32,
      32.71,
      64.93,
      43.86,
      13.91,
      42.48,
      20.53,
      27.85,
      0.0,
      52.29,
      11.61,
      55.24,
      14.95,
      20.76,
      38.21,
      31.91,
      21.22,
      43.39,
      29.02,
      39.88,
      25.85,
      14.4,
      24.68,
      37.05,
      40.34,
      51.94,
      45.53,
      20.79,
      47.08,
      32.51,
      56.76,
      41.97,
      48.7,
      26.99,
      28.75,
      20.06
    ],
    [
      42.53,
      8.68,
      63.06,
      56.68,
      76.66,
      21.25,
      52.82,
      12.93,
      94.33,
      41.12,
      91.02,
      33.03,
      30.3,
      52.29,
      0.0,
      53.42,
      44.12,
      54.68,
      46.63,
      52.51,
      62.76,
      67.85,
      65.68,
      28.99,
      65.07,
      70.67,
      53.76,
      29.9,
      87.73,
      24.36,
      67.09,
      21.69,
      31.61,
      50.59,
      61.21,
      13.3,
      91.12,
      56.15,
      39.49,
      44.08,
      37.88
    ],
    [
      11.18,
      62.1,
      52.69,
      17.24,
      33.96,
      43.76,
      21.83,
      65.28,
      41.0,
      22.24,
      37.67,
      20.5,
      24.66,
      11.61,
      53.42,
      0.0,
      47.08,
      3.36,
      11.58,
      49.18,
      43.52,
      31.12,
      31.8,
      35.51,
      28.27,
      17.95,
      2.8,
      30.3,
      34.55,
      46.61,
      40.52,
      41.94,
      22.85,
      37.27,
      20.89,
      55.13,
      37.7,
      38.16,
      19.88,
      38.99,
      16.13
    ],
    [
      39.16,
      49.04,
      88.35,
      61.8,
      47.38,
      23.01,
      28.81,
      47.49,
      81.03,
      54.59,
      74.83,
      39.49,
      30.97,
      55.24,
      44.12,
      47.08,
      0.0,
      45.42,
      35.52,
      80.28,
      82.65,
      76.46,
      33.87,
      54.85,
      35.87,
      55.77,
      45.1,
      50.82,
      76.1,
      59.41,
      29.51,
      22.99,
      42.71,
      13.83,
      37.32,
      33.85,
      75.88,
      18.41,
      28.26,
      68.87,
      35.93
    ],
    [
      12.15,
      63.31,
      56.05,
      20.4,
      30.66,
      43.76,
      19.12,
      66.24,
      40.27,
      25.35,
      36.38,
      22.11,
      25.18,
      14.95,
      54.68,
      3.36,
      45.42,
      0.0,
      10.4,
      52.51,
      46.83,
      33.97,
      28.53,
      38.16,
      24.95,
      16.06,
      0.97,
      32.85,
      34.03,
      49.13,
      37.38,
      41.94,
      24.87,
      34.99,
      17.57,
      55.6,
      36.58,
      35.53,
      19.16,
      42.24,
      16.88
    ],
    [
      7.26,
      55.1,
      59.61,
      27.22,
      32.33,
      33.78,
      12.77,
      57.5,
      50.03,
      25.89,
      45.5,
      16.46,
      16.36,
      20.76,
      46.63,
      11.58,
      35.52,
      10.4,
      0.0,
      54.29,
      51.58,
      41.74,
      25.67,
      35.23,
      23.06,
      24.81,
      9.86,
      29.73,
      44.03,
      45.22,
      32.7,
      31.99,
      20.22,
      26.34,
      16.69,
      46.11,
      45.93,
      28.05,
      8.85,
      43.13,
      9.58
    ],
    [
      47.17,
      58.25,
      10.8,
      35.42,
      83.12,
      62.3,
      67.01,
      64.1,
      75.46,
      28.41,
      76.67,
      41.7,
      49.59,
      38.21,
      52.51,
      49.18,
      80.28,
      52.51,
      54.29,
      0.0,
      15.98,
      33.45,
      79.68,
      26.23,
      76.61,
      63.54,
      51.77,
      29.51,
      69.08,
      28.35,
      86.96,
      61.09,
      37.97,
      77.34,
      69.44,
      63.93,
      75.59,
      80.78,
      55.75,
      11.55,
      47.45
    ],
    [
      45.26,
      69.66,
      10.91,
      26.88,
      76.2,
      68.09,
      64.14,
      75.23,
      62.19,
      28.07,
      64.43,
      43.22,
      51.88,
      31.91,
      62.76,
      43.52,
      82.65,
      46.83,
      51.58,
      15.98,
      0.0,
      19.49,
      75.3,
      33.97,
      71.78,
      54.45,
      46.31,
      34.86,
      56.21,
      40.23,
      83.72,
      66.6,
      40.38,
      77.07,
      64.4,
      72.55,
      63.11,
      79.52,
      55.51,
      18.87,
      47.18
    ],
    [
      37.3,
      75.91,
      30.39,
      14.66,
      60.22,
      67.01,
      52.95,
      80.77,
      42.7,
      26.94,
      45.06,
      39.89,
      48.09,
      21.22,
      67.85,
      31.12,
      76.46,
      33.97,
      41.74,
      33.45,
      19.49,
      0.0,
      61.85,
      39.9,
      58.02,
      37.28,
      33.79,
      37.96,
      36.73,
      49.62,
      71.15,
      65.28,
      38.72,
      68.06,
      50.8,
      74.79,
      43.69,
      69.27,
      48.2,
      30.09,
      40.96
    ],
    [
      32.93,
      73.19,
      84.22,
      48.89,
      13.51,
      46.98,
      13.84,
      73.89,
      50.88,
      51.38,
      43.78,
      41.27,
      37.61,
      43.39,
      65.68,
      31.8,
      33.87,
      28.53,
      25.67,
      79.68,
      75.3,
      61.85,
      0.0,
      60.49,
      3.98,
      28.79,
      29.0,
      55.04,
      47.38,
      69.79,
      9.91,
      45.69,
      45.28,
      20.09,
      11.07,
      60.51,
      45.21,
      15.86,
      27.93,
      68.69,
      34.28
    ],
    [
      28.22,
      36.45,
      35.8,
      31.23,
      67.3,
      36.07,
      46.78,
      41.72,
      72.86,
      15.26,
      71.37,
      19.27,
      25.29,
      29.02,
      28.99,
      35.51,
      54.85,
      38.16,
      35.23,
      26.23,
      33.97,
      39.9,
      60.49,
      0.0,
      58.21,
      53.21,
      37.22,
      5.5,
      66.04,
      11.33,
      66.02,
      34.88,
      15.23,
      53.81,
      51.89,
      38.7,
      70.94,
      58.01,
      33.44,
      15.83,
      26.22
    ],
    [
      30.28,
      72.82,
      80.86,
      45.24,
      12.13,
      47.14,
      12.35,
      73.83,
      47.4,
      48.44,
      40.44,
      39.11,
      36.19,
      39.88,
      65.07,
      28.27,
      35.87,
      24.95,
      23.06,
      76.61,
      71.78,
      58.02,
      3.98,
      58.21,
      0.0,
      24.86,
      25.48,
      52.72,
      43.7,
      67.83,
      13.87,
      45.74,
      43.05,
      22.04,
      7.38,
      60.68,
      41.8,
      18.52,
      26.43,
      65.75,
      32.08
    ],
    [
      28.18,
      79.28,
      64.83,
      28.25,
      23.37,
      58.48,
      26.97,
      82.04,
      25.65,
      39.08,
      20.69,
      38.16,
      40.83,
      25.85,
      70.67,
      17.95,
      55.77,
      16.06,
      24.81,
      63.54,
      54.45,
      37.28,
      28.79,
      53.21,
      24.86,
      0.0,
      17.0,
      48.12,
      20.33,
      64.42,
      38.7,
      56.72,
      40.76,
      43.13,
      19.47,
      70.92,
      21.18,
      41.57,
      33.43,
      54.58,
      32.8
    ],
    [
      11.23,
      62.4,
      55.44,
      20.03,
      31.45,
      43.02,
      19.2,
      65.36,
      41.09,
      24.48,
      37.28,
      21.16,
      24.34,
      14.4,
      53.76,
      2.8,
      45.1,
      0.97,
      9.86,
      51.77,
      46.31,
      33.79,
      29.0,
      37.22,
      25.48,
      17.0,
      0.0,
      31.9,
      34.82,
      48.17,
      37.73,
      41.21,
      23.9,
      34.88,
      18.11,
      54.78,
      37.46,
      35.58,
      18.55,
      41.43,
      16.0
    ],
    [
      22.72,
      37.98,
      38.25,
      27.71,
      61.81,
      33.49,
      41.36,
      42.82,
      68.51,
      11.61,
      66.69,
      13.89,
      20.52,
      24.68,
      29.9,
      30.3,
      50.82,
      32.85,
      29.73,
      29.51,
      34.86,
      37.96,
      55.04,
      5.5,
      52.72,
      48.12,
      31.9,
      0.0,
      61.7,
      16.31,
      60.71,
      32.11,
      9.82,
      48.93,
      46.38,
      38.0,
      66.34,
      52.97,
      28.19,
      18.28,
      20.78
    ],
    [
      45.72,
      96.42,
      67.11,
      35.68,
      38.13,
      77.74,
      47.29,
      99.78,
      6.81,
      50.82,
      9.0,
      54.71,
      59.11,
      37.05,
      87.73,
      34.55,
      76.1,
      34.03,
      44.03,
      69.08,
      56.21,
      36.73,
      47.38,
      66.04,
      43.7,
      20.33,
      34.82,
      61.7,
      0.0,
      77.33,
      57.04,
      75.94,
      56.4,
      63.33,
      39.39,
      89.59,
      7.25,
      61.4,
      52.86,
      62.76,
      50.64
    ],
    [
      38.54,
      29.95,
      39.05,
      42.25,
      77.54,
      38.04,
      55.95,
      35.77,
      84.14,
      26.51,
      82.71,
      28.79,
      32.82,
      40.34,
      24.36,
      46.61,
      59.41,
      49.13,
      45.22,
      28.35,
      40.23,
      49.62,
      69.79,
      11.33,
      67.83,
      64.42,
      48.17,
      16.31,
      77.33,
      0.0,
      74.42,
      37.32,
      25.03,
      60.73,
      61.9,
      36.56,
      82.27,
      65.45,
      42.02,
      21.44,
      35.81
    ],
    [
      39.79,
      73.91,
      92.2,
      57.76,
      20.85,
      46.9,
      19.95,
      73.81,
      60.23,
      58.56,
      52.94,
      46.83,
      41.62,
      51.94,
      67.09,
      40.52,
      29.51,
      37.38,
      32.7,
      86.96,
      83.72,
      71.15,
      9.91,
      66.02,
      13.87,
      38.7,
      37.73,
      60.71,
      57.04,
      74.42,
      0.0,
      45.92,
      50.9,
      17.19,
      20.51,
      60.07,
      54.47,
      11.57,
      32.6,
      75.69,
      40.13
    ],
    [
      31.01,
      28.0,
      70.32,
      51.49,
      57.77,
      1.83,
      34.12,
      28.2,
      82.02,
      39.49,
      77.38,
      25.4,
      17.76,
      45.53,
      21.69,
      41.94,
      22.99,
      41.94,
      31.99,
      61.09,
      66.6,
      65.28,
      45.69,
      34.88,
      45.74,
      56.72,
      41.21,
      32.11,
      75.94,
      37.32,
      45.92,
      0.0,
      26.9,
      29.08,
      43.27,
      14.97,
      77.88,
      34.72,
      23.29,
      50.26,
      26.16
    ],
    [
      13.57,
      40.26,
      45.64,
      25.78,
      52.52,
      28.55,
      31.56,
      44.16,
      63.09,
      12.64,
      60.37,
      4.07,
      11.75,
      20.79,
      31.61,
      22.85,
      42.71,
      24.87,
      20.22,
      37.97,
      40.38,
      38.72,
      45.28,
      15.23,
      43.05,
      40.76,
      23.9,
      9.82,
      56.4,
      25.03,
      50.9,
      26.9,
      0.0,
      39.54,
      36.91,
      36.34,
      60.27,
      43.36,
      18.43,
      26.43,
      11.0
    ],
    [
      31.86,
      57.04,
      84.14,
      53.56,
      33.58,
      29.93,
      16.48,
      56.71,
      67.93,
      49.71,
      61.48,
      35.68,
      28.52,
      47.08,
      50.59,
      37.27,
      13.83,
      34.99,
      26.34,
      77.34,
      77.07,
      68.06,
      20.09,
      53.81,
      22.04,
      43.13,
      34.88,
      48.93,
      63.33,
      60.73,
      17.19,
      29.08,
      39.54,
      0.0,
      24.05,
      42.94,
      62.62,
      5.68,
      21.74,
      65.8,
      30.15
    ],
    [
      23.7,
      69.29,
      73.52,
      37.87,
      15.81,
      44.83,
      9.36,
      70.85,
      43.88,
      41.41,
      37.51,
      33.11,
      31.39,
      32.51,
      61.21,
      20.89,
      37.32,
      17.57,
      16.69,
      69.44,
      64.4,
      50.8,
      11.07,
      51.89,
      7.38,
      19.47,
      18.11,
      46.38,
      39.39,
      61.9,
      20.51,
      43.27,
      36.91,
      24.05,
      0.0,
      58.21,
      38.6,
      22.1,
      21.77,
      58.7,
      26.12
    ],
    [
      43.95,
      15.41,
      74.15,
      62.1,
      72.73,
      13.55,
      49.09,
      13.81,
      95.87,
      47.93,
      91.61,
      36.26,
      30.48,
      56.76,
      13.3,
      55.13,
      33.85,
      55.6,
      46.11,
      63.93,
      72.55,
      74.79,
      60.51,
      38.7,
      60.68,
      70.92,
      54.78,
      38.0,
      89.59,
      36.56,
      60.07,
      14.97,
      36.34,
      42.94,
      58.21,
      0.0,
      91.99,
      48.61,
      37.7,
      54.46,
      39.01
    ],
    [
      48.65,
      99.78,
      74.02,
      41.41,
      34.49,
      79.65,
      47.23,
      102.81,
      5.86,
      55.87,
      2.01,
      58.18,
      61.72,
      41.97,
      91.12,
      37.7,
      75.88,
      36.58,
      45.93,
      75.59,
      63.11,
      43.69,
      45.21,
      70.94,
      41.8,
      21.18,
      37.46,
      66.34,
      7.25,
      82.27,
      54.47,
      77.88,
      60.27,
      62.62,
      38.6,
      91.99,
      0.0,
      60.09,
      54.6,
      68.76,
      53.46
    ],
    [
      34.32,
      62.69,
      87.08,
      55.02,
      29.3,
      35.59,
      16.41,
      62.39,
      65.58,
      52.73,
      58.81,
      39.38,
      32.85,
      48.7,
      56.15,
      38.16,
      18.41,
      35.53,
      28.05,
      80.78,
      79.52,
      69.27,
      15.86,
      58.01,
      18.52,
      41.57,
      35.58,
      52.97,
      61.4,
      65.45,
      11.57,
      34.72,
      43.36,
      5.68,
      22.1,
      48.61,
      60.09,
      0.0,
      25.06,
      69.28,
      33.33
    ],
    [
      10.91,
      47.69,
      62.4,
      33.55,
      37.43,
      25.05,
      14.15,
      49.62,
      58.82,
      27.97,
      54.1,
      14.39,
      9.77,
      26.99,
      39.49,
      19.88,
      28.26,
      19.16,
      8.85,
      55.75,
      55.51,
      48.2,
      27.93,
      33.44,
      26.43,
      33.43,
      18.55,
      28.19,
      52.86,
      42.02,
      32.6,
      23.29,
      18.43,
      21.74,
      21.77,
      37.7,
      54.6,
      25.06,
      0.0,
      44.24,
      8.42
    ],
    [
      35.93,
      50.81,
      20.07,
      27.42,
      72.88,
      51.57,
      55.77,
      56.41,
      69.42,
      17.31,
      69.62,
      30.15,
      38.09,
      28.75,
      44.08,
      38.99,
      68.87,
      42.24,
      43.13,
      11.55,
      18.87,
      30.09,
      68.69,
      15.83,
      65.75,
      54.58,
      41.43,
      18.28,
      62.76,
      21.44,
      75.69,
      50.26,
      26.43,
      65.8,
      58.7,
      54.46,
      68.76,
      69.28,
      44.24,
      0.0,
      35.97
    ],
    [
      4.95,
      46.48,
      53.99,
      26.46,
      41.86,
      27.99,
      20.59,
      49.36,
      57.03,
      19.55,
      53.26,
      7.03,
      8.56,
      20.06,
      37.88,
      16.13,
      35.93,
      16.88,
      9.58,
      47.45,
      47.18,
      40.96,
      34.28,
      26.22,
      32.08,
      32.8,
      16.0,
      20.78,
      50.64,
      35.81,
      40.13,
      26.16,
      11.0,
      30.15,
      26.12,
      39.01,
      53.46,
      33.33,
      8.42,
      35.97,
      0.0
    ]
  ]
}