{
  "depot_id": 0,
  "depot_index": 0,
  "vehicle_cap": 100,
  "max_vehicles": 25,
  "nodes": [
    {
      "id": 0,
      "x": 50.0,
      "y": 50.0,
      "demand": 0,
      "tw": [
        0,
        1000
      ],
      "service": 0
    },
    {
      "id": 1,
      "x": 21.965211697014702,
      "y": 57.09003757588512,
      "demand": -38,
      "tw": [
        129,
        825
      ],
      "service": 6
    },
    {
      "id": 2,
      "x": 23.74977938339709,
      "y": 42.42600483101691,
      "demand": -12,
      "tw": [
        93,
        733
      ],
      "service": 10
    },
    {
      "id": 3,
      "x": 21.281044149107892,
      "y": 43.18948342525119,
      "demand": -16,
      "tw": [
        76,
        835
      ],
      "service": 8
    },
    {
      "id": 4,
      "x": 17.23101160203622,
      "y": 49.74610953615513,
      "demand": -12,
      "tw": [
        57,
        735
      ],
      "service": 10
    },
    {
      "id": 5,
      "x": 4.160971765142767,
      "y": 57.604146561442974,
      "demand": -34,
      "tw": [
        119,
        891
      ],
      "service": 13
    },
    {
      "id": 6,
      "x": 19.758230229018704,
      "y": 44.289952803604265,
      "demand": -30,
      "tw": [
        60,
        708
      ],
      "service": 15
    },
    {
      "id": 7,
      "x": 19.963974609094315,
      "y": 38.416353108074574,
      "demand": -16,
      "tw": [
        111,
        851
      ],
      "service": 11
    },
    {
      "id": 8,
      "x": 11.236813320258186,
      "y": 50.37660233167938,
      "demand": -24,
      "tw": [
        85,
        691
      ],
      "service": 5
    },
    {
      "id": 9,
      "x": 9.983799901050844,
      "y": 47.18899707114045,
      "demand": -22,
      "tw": [
        106,
        843
      ],
      "service": 13
    },
    {
      "id": 10,
      "x": 15.06537183635984,
      "y": 45.55016678626141,
      "demand": -22,
      "tw": [
        60,
        787
      ],
      "service": 12
    },
    {
      "id": 11,
      "x": 20.59630369920174,
      "y": 43.53063222294426,
      "demand": -38,
      "tw": [
        120,
        894
      ],
      "service": 12
    },
    {
      "id": 12,
      "x": 14.205367259299297,
      "y": 60.89009981784774,
      "demand": -18,
      "tw": [
        131,
        747
      ],
      "service": 14
    },
    {
      "id": 13,
      "x": 33.173940656343255,
      "y": 51.975996046923996,
      "demand": -36,
      "tw": [
        95,
        823
      ],
      "service": 10
    },
    {
      "id": 14,
      "x": 16.3047838317777,
      "y": 52.04549396090746,
      "demand": -20,
      "tw": [
        56,
        705
      ],
      "service": 6
    },
    {
      "id": 15,
      "x": 16.7965269180568,
      "y": 54.241659464019165,
      "demand": -26,
      "tw": [
        147,
        814
      ],
      "service": 7
    },
    {
      "id": 16,
      "x": 26.186865478479056,
      "y": 61.293244375395005,
      "demand": -38,
      "tw": [
        99,
        810
      ],
      "service": 12
    },
    {
      "id": 17,
      "x": 20.380034781682003,
      "y": 51.200313267182615,
      "demand": -24,
      "tw": [
        69,
        805
      ],
      "service": 5
    },
    {
      "id": 18,
      "x": 30.910461021646675,
      "y": 48.89266570919304,
      "demand": -14,
      "tw": [
        122,
        870
      ],
      "service": 9
    },
    {
      "id": 19,
      "x": 7.742343369976588,
      "y": 35.3562511979018,
      "demand": -38,
      "tw": [
        148,
        756
      ],
      "service": 14
    },
    {
      "id": 20,
      "x": 4.381931386045284,
      "y": 70.01737102530136,
      "demand": -16,
      "tw": [
        122,
        819
      ],
      "service": 14
    },
    {
      "id": 21,
      "x": 18.273727000591805,
      "y": 58.83659937486672,
      "demand": -12,
      "tw": [
        77,
        795
      ],
      "service": 15
    },
    {
      "id": 22,
      "x": 25.32859892813459,
      "y": 37.46191766206743,
      "demand": -10,
      "tw": [
        113,
        859
      ],
      "service": 6
    },
    {
      "id": 23,
      "x": 24.94030186282739,
      "y": 52.60673765823907,
      "demand": -14,
      "tw": [
        67,
        714
      ],
      "service": 15
    },
    {
      "id": 24,
      "x": 23.238001276059453,
      "y": 47.0851002100651,
      "demand": -24,
      "tw": [
        99,
        748
      ],
      "service": 14
    },
    {
      "id": 25,
      "x": 27.716987106483447,
      "y": 21.514573793699245,
      "demand": -20,
      "tw": [
        85,
        803
      ],
      "service": 6
    },
    {
      "id": 26,
      "x": 23.74280055577306,
      "y": 49.131552228698084,
      "demand": -36,
      "tw": [
        75,
        806
      ],
      "service": 8
    },
    {
      "id": 27,
      "x": 15.322987986881087,
      "y": 53.46503881730716,
      "demand": -40,
      "tw": [
        146,
        836
      ],
      "service": 7
    },
    {
      "id": 28,
      "x": -0.9515752267998536,
      "y": 52.541738922462024,
      "demand": -40,
      "tw": [
        132,
        818
      ],
      "service": 7
    },
    {
      "id": 29,
      "x": 35.00759790634311,
      "y": 58.50221742113493,
      "demand": -22,
      "tw": [
        66,
        699
      ],
      "service": 5
    },
    {
      "id": 30,
      "x": 28.470790099850344,
      "y": 62.22500914886881,
      "demand": -34,
      "tw": [
        97,
        865
      ],
      "service": 13
    },
    {
      "id": 31,
      "x": 90.30283454031843,
      "y": 52.387891590265134,
      "demand": 66,
      "tw": [
        641,
        1163
      ],
      "service": 7
    },
    {
      "id": 32,
      "x": 80.48385118285803,
      "y": 43.124565486604084,
      "demand": 76,
      "tw": [
        787,
        1294
      ],
      "service": 6
    },
    {
      "id": 33,
      "x": 87.3264007721558,
      "y": 49.19283419891418,
      "demand": 62,
      "tw": [
        663,
        1264
      ],
      "service": 5
    },
    {
      "id": 34,
      "x": 81.39342593621264,
      "y": 54.525348918213346,
      "demand": 78,
      "tw": [
        773,
        1363
      ],
      "service": 10
    },
    {
      "id": 35,
      "x": 100.88374704780728,
      "y": 48.604103718448265,
      "demand": 82,
      "tw": [
        627,
        1132
      ],
      "service": 8
    },
    {
      "id": 36,
      "x": 70.61532089794152,
      "y": 56.44268159509302,
      "demand": 76,
      "tw": [
        734,
        1427
      ],
      "service": 6
    },
    {
      "id": 37,
      "x": 73.76231039304194,
      "y": 69.14031353866787,
      "demand": 66,
      "tw": [
        773,
        1308
      ],
      "service": 12
    },
    {
      "id": 38,
      "x": 79.6911236442842,
      "y": 70.03407267182105,
      "demand": 48,
      "tw": [
        723,
        1396
      ],
      "service": 11
    },
    {
      "id": 39,
      "x": 91.05525932957984,
      "y": 61.8703030556038,
      "demand": 96,
      "tw": [
        643,
        1274
      ],
      "service": 9
    },
    {
      "id": 40,
      "x": 72.28371677583121,
      "y": 52.96628319676176,
      "demand": 96,
      "tw": [
        731,
        1430
      ],
      "service": 5
    }
  ],
  "pairings": [
    [
      1,
      31
    ],
    [
      2,
      31
    ],
    [
      3,
      31
    ],
    [
      4,
      32
    ],
    [
      5,
      32
    ],
    [
      6,
      32
    ],
    [
      7,
      33
    ],
    [
      8,
      33
    ],
    [
      9,
      33
    ],
    [
      10,
      34
    ],
    [
      11,
      34
    ],
    [
      12,
      34
    ],
    [
      13,
      35
    ],
    [
      14,
      35
    ],
    [
      15,
      35
    ],
    [
      16,
      36
    ],
    [
      17,
      36
    ],
    [
      18,
      36
    ],
    [
      19,
      37
    ],
    [
      20,
      37
    ],
    [
      21,
      37
    ],
    [
      22,
      38
    ],
    [
      23,
      38
    ],
    [
      24,
      38
    ],
    [
      25,
      39
    ],
    [
      26,
      39
    ],
    [
      27,
      39
    ],
    [
      28,
      40
    ],
    [
      29,
      40
    ],
    [
      30,
      40
    ]
  ],
  "distance_matrix": [
    [
      0.0,
      28.92,
      27.32,
      29.52,
      32.77,
      46.47,
      30.78,
      32.19,
      38.77,
      40.11,
      35.22,
      30.11,
      37.41,
      16.94,
      33.76,
      33.47,
      26.36,
      29.64,
      19.12,
      44.72,
      49.82,
      32.93,
      27.67,
      25.19,
      26.92,
      36.17,
      26.27,
      34.85,
      51.01,
      17.24,
      24.76,
      40.37,
      31.25,
      37.34,
      31.72,
      50.9,
      21.6,
      30.51,
      35.82,
      42.74,
      22.48
    ],
    [
      28.92,
      0.0,
      14.77,
      13.92,
      8.74,
      17.81,
      12.99,
      18.78,
      12.66,
      15.54,
      13.45,
      13.63,
      8.64,
      12.32,
      7.58,
      5.9,
      5.96,
      6.1,
      12.13,
      25.97,
      21.82,
      4.08,
      19.91,
      5.38,
      10.09,
      36.04,
      8.15,
      7.57,
      23.36,
      13.12,
      8.29,
      68.5,
      60.16,
      65.84,
      59.48,
      79.37,
      48.65,
      53.18,
      59.16,
      69.26,
      50.49
    ],
    [
      27.32,
      14.77,
      0.0,
      2.58,
      9.8,
      24.78,
      4.41,
      5.51,
      14.83,
      14.57,
      9.23,
      3.34,
      20.79,
      13.42,
      12.16,
      13.71,
      19.02,
      9.4,
      9.65,
      17.5,
      33.71,
      17.3,
      5.21,
      10.25,
      4.69,
      21.28,
      6.71,
      13.89,
      26.69,
      19.63,
      20.35,
      67.29,
      56.74,
      63.94,
      58.9,
      77.38,
      48.92,
      56.7,
      62.38,
      70.06,
      49.67
    ],
    [
      29.52,
      13.92,
      2.58,
      0.0,
      7.71,
      22.38,
      1.88,
      4.95,
      12.35,
      11.98,
      6.65,
      0.77,
      19.06,
      14.79,
      10.16,
      11.93,
      18.76,
      8.06,
      11.19,
      15.64,
      31.71,
      15.93,
      7.01,
      10.1,
      4.36,
      22.61,
      6.43,
      11.88,
      24.12,
      20.56,
      20.35,
      69.63,
      59.2,
      66.32,
      61.17,
      79.79,
      51.08,
      58.55,
      64.28,
      72.23,
      51.93
    ],
    [
      32.77,
      8.74,
      9.8,
      7.71,
      0.0,
      15.25,
      6.01,
      11.65,
      6.03,
      7.69,
      4.72,
      7.07,
      11.55,
      16.1,
      2.48,
      4.52,
      14.61,
      3.47,
      13.71,
      17.24,
      24.0,
      9.15,
      14.71,
      8.22,
      6.57,
      30.12,
      6.54,
      4.18,
      18.4,
      19.82,
      16.79,
      73.12,
      63.6,
      70.1,
      64.34,
      83.66,
      53.8,
      59.77,
      65.67,
      74.81,
      55.15
    ],
    [
      46.47,
      17.81,
      24.78,
      22.38,
      15.25,
      0.0,
      20.51,
      24.86,
      10.11,
      11.93,
      16.25,
      21.64,
      10.57,
      29.55,
      13.36,
      13.08,
      22.33,
      17.44,
      28.13,
      22.53,
      12.42,
      14.17,
      29.22,
      21.37,
      21.78,
      43.1,
      21.34,
      11.9,
      7.19,
      30.86,
      24.75,
      86.3,
      77.68,
      83.59,
      77.29,
      97.14,
      66.46,
      70.55,
      76.55,
      87.0,
      68.28
    ],
    [
      30.78,
      12.99,
      4.41,
      1.88,
      6.01,
      20.51,
      0.0,
      5.88,
      10.47,
      10.2,
      4.86,
      1.13,
      17.5,
      15.46,
      8.49,
      10.38,
      18.18,
      6.94,
      12.06,
      14.97,
      29.97,
      14.62,
      8.81,
      9.8,
      4.46,
      24.13,
      6.27,
      10.19,
      22.29,
      20.85,
      19.94,
      71.01,
      60.74,
      67.75,
      62.48,
      81.24,
      52.29,
      59.45,
      65.23,
      73.43,
      53.24
    ],
    [
      32.19,
      18.78,
      5.51,
      4.95,
      11.65,
      24.86,
      5.88,
      0.0,
      14.81,
      13.29,
      8.65,
      5.15,
      23.2,
      18.93,
      14.11,
      16.14,
      23.71,
      12.79,
      15.15,
      12.6,
      35.23,
      20.49,
      5.45,
      15.04,
      9.27,
      18.6,
      11.36,
      15.75,
      25.24,
      25.09,
      25.28,
      71.71,
      60.7,
      68.22,
      63.51,
      81.56,
      53.76,
      61.95,
      67.58,
      74.86,
      54.31
    ],
    [
      38.77,
      12.66,
      14.83,
      12.35,
      6.03,
      10.11,
      10.47,
      14.81,
      0.0,
      3.43,
      6.16,
      11.6,
      10.92,
      22.0,
      5.34,
      6.77,
      18.51,
      9.18,
      19.73,
      15.42,
      20.8,
      11.0,
      19.11,
      13.88,
      12.44,
      33.24,
      12.57,
      5.12,
      12.38,
      25.12,
      20.91,
      79.09,
      69.63,
      76.1,
      70.28,
      89.66,
      59.69,
      65.28,
      71.22,
      80.64,
      61.1
    ],
    [
      40.11,
      15.54,
      14.57,
      11.98,
      7.69,
      11.93,
      10.2,
      13.29,
      3.43,
      0.0,
      5.34,
      11.23,
      14.34,
      23.68,
      7.97,
      9.81,
      21.48,
      11.14,
      21.0,
      12.04,
      23.51,
      14.3,
      18.17,
      15.91,
      13.25,
      31.2,
      13.9,
      8.24,
      12.18,
      27.46,
      23.83,
      80.49,
      70.62,
      77.37,
      71.79,
      90.91,
      61.33,
      67.45,
      73.36,
      82.39,
      62.57
    ],
    [
      35.22,
      13.45,
      9.23,
      6.65,
      4.72,
      16.25,
      4.86,
      8.65,
      6.16,
      5.34,
      0.0,
      5.89,
      15.36,
      19.21,
      6.61,
      8.86,
      19.28,
      7.76,
      16.19,
      12.55,
      26.7,
      13.67,
      13.07,
      12.14,
      8.32,
      27.16,
      9.39,
      7.92,
      17.48,
      23.78,
      21.4,
      75.55,
      65.46,
      72.35,
      66.93,
      85.87,
      56.61,
      63.26,
      69.11,
      77.72,
      57.7
    ],
    [
      30.11,
      13.63,
      3.34,
      0.77,
      7.07,
      21.64,
      1.13,
      5.15,
      11.6,
      11.23,
      5.89,
      0.0,
      18.5,
      15.15,
      9.54,
      11.37,
      18.62,
      7.67,
      11.62,
      15.23,
      31.06,
      15.48,
      7.7,
      10.06,
      4.43,
      23.14,
      6.42,
      11.25,
      23.36,
      20.78,
      20.29,
      70.27,
      59.89,
      66.97,
      61.78,
      80.45,
      51.66,
      59.01,
      64.77,
      72.81,
      52.54
    ],
    [
      37.41,
      8.64,
      20.79,
      19.06,
      11.55,
      10.57,
      17.5,
      23.2,
      10.92,
      14.34,
      15.36,
      18.5,
      0.0,
      20.96,
      9.09,
      7.14,
      11.99,
      11.49,
      20.57,
      26.34,
      13.41,
      4.56,
      25.93,
      13.56,
      16.5,
      41.63,
      15.14,
      7.51,
      17.3,
      20.94,
      14.33,
      76.57,
      68.62,
      74.05,
      67.49,
      87.54,
      56.59,
      60.13,
      66.12,
      76.86,
      58.62
    ],
    [
      16.94,
      12.32,
      13.42,
      14.79,
      16.1,
      29.55,
      15.46,
      18.93,
      22.0,
      23.68,
      19.21,
      15.15,
      20.96,
      0.0,
      16.87,
      16.53,
      11.65,
      12.82,
      3.82,
      30.38,
      33.98,
      16.4,
      16.5,
      8.26,
      11.07,
      30.95,
      9.85,
      17.91,
      34.13,
      6.78,
      11.28,
      57.13,
      48.13,
      54.22,
      48.29,
      67.79,
      37.71,
      44.07,
      49.9,
      58.72,
      39.12
    ],
    [
      33.76,
      7.58,
      12.16,
      10.16,
      2.48,
      13.36,
      8.49,
      14.11,
      5.34,
      7.97,
      6.61,
      9.54,
      9.09,
      16.87,
      0.0,
      2.25,
      13.53,
      4.16,
      14.94,
      18.76,
      21.57,
      7.07,
      17.15,
      8.65,
      8.52,
      32.59,
      7.99,
      1.73,
      17.26,
      19.79,
      15.86,
      74.0,
      64.8,
      71.08,
      65.14,
      84.65,
      54.49,
      59.95,
      65.89,
      75.39,
      55.99
    ],
    [
      33.47,
      5.9,
      13.71,
      11.93,
      4.52,
      13.08,
      10.38,
      16.14,
      6.77,
      9.81,
      8.86,
      11.37,
      7.14,
      16.53,
      2.25,
      0.0,
      11.74,
      4.7,
      15.09,
      20.94,
      20.07,
      4.83,
      18.82,
      8.31,
      9.63,
      34.5,
      8.62,
      1.67,
      17.83,
      18.7,
      14.14,
      73.53,
      64.65,
      70.71,
      64.6,
      84.28,
      53.86,
      58.88,
      64.85,
      74.65,
      55.5
    ],
    [
      26.36,
      5.96,
      19.02,
      18.76,
      14.61,
      22.33,
      18.18,
      23.71,
      18.51,
      21.48,
      19.28,
      18.62,
      11.99,
      11.65,
      13.53,
      11.74,
      0.0,
      11.64,
      13.27,
      31.83,
      23.49,
      8.29,
      23.85,
      8.78,
      14.51,
      39.81,
      12.4,
      13.39,
      28.51,
      9.25,
      2.47,
      64.73,
      57.26,
      62.33,
      55.62,
      75.77,
      44.69,
      48.22,
      54.21,
      64.87,
      46.84
    ],
    [
      29.64,
      6.1,
      9.4,
      8.06,
      3.47,
      17.44,
      6.94,
      12.79,
      9.18,
      11.14,
      7.76,
      7.67,
      11.49,
      12.82,
      4.16,
      4.7,
      11.64,
      0.0,
      10.78,
      20.27,
      24.7,
      7.92,
      14.6,
      4.77,
      5.01,
      30.58,
      3.95,
      5.54,
      21.37,
      16.35,
      13.67,
      69.93,
      60.64,
      66.98,
      61.1,
      80.55,
      50.51,
      56.32,
      62.23,
      71.48,
      51.93
    ],
    [
      19.12,
      12.13,
      9.65,
      11.19,
      13.71,
      28.13,
      12.06,
      15.15,
      19.73,
      21.0,
      16.19,
      11.62,
      20.57,
      3.82,
      14.94,
      15.09,
      13.27,
      10.78,
      0.0,
      26.83,
      33.91,
      16.08,
      12.72,
      7.03,
      7.88,
      27.56,
      7.17,
      16.24,
      32.07,
      10.45,
      13.55,
      59.5,
      49.91,
      56.42,
      50.8,
      69.97,
      40.42,
      47.39,
      53.16,
      61.53,
      41.57
    ],
    [
      44.72,
      25.97,
      17.5,
      15.64,
      17.24,
      22.53,
      14.97,
      12.6,
      15.42,
      12.04,
      12.55,
      15.23,
      26.34,
      30.38,
      18.76,
      20.94,
      31.83,
      20.27,
      26.83,
      0.0,
      34.82,
      25.73,
      17.71,
      24.36,
      19.43,
      24.3,
      21.11,
      19.63,
      19.26,
      35.76,
      33.94,
      84.3,
      73.16,
      80.78,
      76.1,
      94.08,
      66.31,
      74.16,
      79.87,
      87.43,
      66.9
    ],
    [
      49.82,
      21.82,
      33.71,
      31.71,
      24.0,
      12.42,
      29.97,
      35.23,
      20.8,
      23.51,
      26.7,
      31.06,
      13.41,
      33.98,
      21.57,
      20.07,
      23.49,
      24.7,
      33.91,
      34.82,
      0.0,
      17.83,
      38.71,
      26.94,
      29.69,
      53.82,
      28.48,
      19.84,
      18.27,
      32.72,
      25.32,
      87.71,
      80.71,
      85.52,
      78.55,
      98.85,
      67.61,
      69.39,
      75.31,
      87.06,
      70.01
    ],
    [
      32.93,
      4.08,
      17.3,
      15.93,
      9.15,
      14.17,
      14.62,
      20.49,
      11.0,
      14.3,
      13.67,
      15.48,
      4.56,
      16.4,
      7.07,
      4.83,
      8.29,
      7.92,
      16.08,
      25.73,
      17.83,
      0.0,
      22.51,
      9.12,
      12.76,
      38.5,
      11.14,
      6.13,
      20.23,
      16.74,
      10.75,
      72.32,
      64.16,
      69.72,
      63.27,
      83.24,
      52.4,
      56.44,
      62.43,
      72.84,
      54.33
    ],
    [
      27.67,
      19.91,
      5.21,
      7.01,
      14.71,
      29.22,
      8.81,
      5.45,
      19.11,
      18.17,
      13.07,
      7.7,
      25.93,
      16.5,
      17.15,
      18.82,
      23.85,
      14.6,
      12.72,
      17.71,
      38.71,
      22.51,
      0.0,
      15.15,
      9.85,
      16.13,
      11.78,
      18.87,
      30.3,
      23.16,
      24.96,
      66.67,
      55.45,
      63.1,
      58.6,
      76.37,
      49.1,
      57.87,
      63.37,
      70.11,
      49.45
    ],
    [
      25.19,
      5.38,
      10.25,
      10.1,
      8.22,
      21.37,
      9.8,
      15.04,
      13.88,
      15.91,
      12.14,
      10.06,
      13.56,
      8.26,
      8.65,
      8.31,
      8.78,
      4.77,
      7.03,
      24.36,
      26.94,
      9.12,
      15.15,
      0.0,
      5.78,
      31.22,
      3.68,
      9.66,
      25.89,
      11.67,
      10.25,
      65.36,
      56.35,
      62.48,
      56.49,
      76.05,
      45.84,
      51.55,
      57.46,
      66.76,
      47.34
    ],
    [
      26.92,
      10.09,
      4.69,
      4.36,
      6.57,
      21.78,
      4.46,
      9.27,
      12.44,
      13.25,
      8.32,
      4.43,
      16.5,
      11.07,
      8.52,
      9.63,
      14.51,
      5.01,
      7.88,
      19.43,
      29.69,
      12.76,
      9.85,
      5.78,
      0.0,
      25.96,
      2.11,
      10.17,
      24.8,
      16.4,
      16.02,
      67.27,
      57.38,
      64.12,
      58.63,
      77.66,
      48.29,
      55.13,
      60.94,
      69.41,
      49.4
    ],
    [
      36.17,
      36.04,
      21.28,
      22.61,
      30.12,
      43.1,
      24.13,
      18.6,
      33.24,
      31.2,
      27.16,
      23.14,
      41.63,
      30.95,
      32.59,
      34.5,
      39.81,
      30.58,
      27.56,
      24.3,
      53.82,
      38.5,
      16.13,
      31.22,
      25.96,
      0.0,
      27.9,
      34.27,
      42.24,
      37.7,
      40.72,
      69.79,
      57.02,
      65.72,
      63.01,
      78.02,
      55.32,
      66.24,
      71.1,
      75.1,
      54.55
    ],
    [
      26.27,
      8.15,
      6.71,
      6.43,
      6.54,
      21.34,
      6.27,
      11.36,
      12.57,
      13.9,
      9.39,
      6.42,
      15.14,
      9.85,
      7.99,
      8.62,
      12.4,
      3.95,
      7.17,
      21.11,
      28.48,
      11.14,
      11.78,
      3.68,
      2.11,
      27.9,
      0.0,
      9.47,
      24.93,
      14.65,
      13.92,
      66.64,
      57.06,
      63.58,
      57.9,
      77.14,
      47.44,
      53.87,
      59.73,
      68.51,
      48.69
    ],
    [
      34.85,
      7.57,
      13.89,
      11.88,
      4.18,
      11.9,
      10.19,
      15.75,
      5.12,
      8.24,
      7.92,
      11.25,
      7.51,
      17.91,
      1.73,
      1.67,
      13.39,
      5.54,
      16.24,
      19.63,
      19.84,
      6.13,
      18.87,
      9.66,
      10.17,
      34.27,
      9.47,
      0.0,
      16.3,
      20.32,
      15.8,
      74.99,
      65.98,
      72.13,
      66.08,
      85.7,
      55.37,
      60.51,
      66.47,
      76.2,
      56.96
    ],
    [
      51.01,
      23.36,
      26.69,
      24.12,
      18.4,
      7.19,
      22.29,
      25.24,
      12.38,
      12.18,
      17.48,
      23.36,
      17.3,
      34.13,
      17.26,
      17.83,
      28.51,
      21.37,
      32.07,
      19.26,
      18.27,
      20.23,
      30.3,
      25.89,
      24.8,
      42.24,
      24.93,
      16.3,
      0.0,
      36.45,
      30.97,
      91.25,
      81.98,
      88.34,
      82.37,
      101.91,
      71.67,
      76.54,
      82.52,
      92.48,
      73.24
    ],
    [
      17.24,
      13.12,
      19.63,
      20.56,
      19.82,
      30.86,
      20.85,
      25.09,
      25.12,
      27.46,
      23.78,
      20.78,
      20.94,
      6.78,
      19.79,
      18.7,
      9.25,
      16.35,
      10.45,
      35.76,
      32.72,
      16.74,
      23.16,
      11.67,
      16.4,
      37.7,
      14.65,
      20.32,
      36.45,
      0.0,
      7.52,
      55.63,
      48.01,
      53.14,
      46.56,
      66.62,
      35.67,
      40.19,
      46.15,
      56.15,
      37.68
    ],
    [
      24.76,
      8.29,
      20.35,
      20.35,
      16.79,
      24.75,
      19.94,
      25.28,
      20.91,
      23.83,
      21.4,
      20.29,
      14.33,
      11.28,
      15.86,
      14.14,
      2.47,
      13.67,
      13.55,
      33.94,
      25.32,
      10.75,
      24.96,
      10.25,
      16.02,
      40.72,
      13.92,
      15.8,
      30.97,
      7.52,
      0.0,
      62.61,
      55.41,
      60.28,
      53.48,
      73.68,
      42.54,
      45.82,
      51.81,
      62.59,
      44.78
    ],
    [
      40.37,
      68.5,
      67.29,
      69.63,
      73.12,
      86.3,
      71.01,
      71.71,
      79.09,
      80.49,
      75.55,
      70.27,
      76.57,
      57.13,
      74.0,
      73.53,
      64.73,
      69.93,
      59.5,
      84.3,
      87.71,
      72.32,
      66.67,
      65.36,
      67.27,
      69.79,
      66.64,
      74.99,
      91.25,
      55.63,
      62.61,
      0.0,
      13.5,
      4.37,
      9.16,
      11.24,
      20.1,
      23.54,
      20.59,
      9.51,
      18.03
    ],
    [
      31.25,
      60.16,
      56.74,
      59.2,
      63.6,
      77.68,
      60.74,
      60.7,
      69.63,
      70.62,
      65.46,
      59.89,
      68.62,
      48.13,
      64.8,
      64.65,
      57.26,
      60.64,
      49.91,
      73.16,
      80.71,
      64.16,
      55.45,
      56.35,
      57.38,
      57.02,
      57.06,
      65.98,
      81.98,
      48.01,
      55.41,
      13.5,
      0.0,
      9.15,
      11.44,
      21.12,
      16.58,
      26.87,
      26.92,
      21.52,
      12.81
    ],
    [
      37.34,
      65.84,
      63.94,
      66.32,
      70.1,
      83.59,
      67.75,
      68.22,
      76.1,
      77.37,
      72.35,
      66.97,
      74.05,
      54.22,
      71.08,
      70.71,
      62.33,
      66.98,
      56.42,
      80.78,
      85.52,
      69.72,
      63.1,
      62.48,
      64.12,
      65.72,
      63.58,
      72.13,
      88.34,
      53.14,
      60.28,
      4.37,
      9.15,
      0.0,
      7.98,
      13.57,
      18.22,
      24.12,
      22.2,
      13.21,
      15.51
    ],
    [
      31.72,
      59.48,
      58.9,
      61.17,
      64.34,
      77.29,
      62.48,
      63.51,
      70.28,
      71.79,
      66.93,
      61.78,
      67.49,
      48.29,
      65.14,
      64.6,
      55.62,
      61.1,
      50.8,
      76.1,
      78.55,
      63.27,
      58.6,
      56.49,
      58.63,
      63.01,
      57.9,
      66.08,
      82.37,
      46.56,
      53.48,
      9.16,
      11.44,
      7.98,
      0.0,
      20.37,
      10.95,
      16.49,
      15.6,
      12.14,
      9.24
    ],
    [
      50.9,
      79.37,
      77.38,
      79.79,
      83.66,
      97.14,
      81.24,
      81.56,
      89.66,
      90.91,
      85.87,
      80.45,
      87.54,
      67.79,
      84.65,
      84.28,
      75.77,
      80.55,
      69.97,
      94.08,
      98.85,
      83.24,
      76.37,
      76.05,
      77.66,
      78.02,
      77.14,
      85.7,
      101.91,
      66.62,
      73.68,
      11.24,
      21.12,
      13.57,
      20.37,
      0.0,
      31.27,
      34.02,
      30.14,
      16.51,
      28.93
    ],
    [
      21.6,
      48.65,
      48.92,
      51.08,
      53.8,
      66.46,
      52.29,
      53.76,
      59.69,
      61.33,
      56.61,
      51.66,
      56.59,
      37.71,
      54.49,
      53.86,
      44.69,
      50.51,
      40.42,
      66.31,
      67.61,
      52.4,
      49.1,
      45.84,
      48.29,
      55.32,
      47.44,
      55.37,
      71.67,
      35.67,
      42.54,
      20.1,
      16.58,
      18.22,
      10.95,
      31.27,
      0.0,
      13.08,
      16.34,
      21.15,
      3.86
    ],
    [
      30.51,
      53.18,
      56.7,
      58.55,
      59.77,
      70.55,
      59.45,
      61.95,
      65.28,
      67.45,
      63.26,
      59.01,
      60.13,
      44.07,
      59.95,
      58.88,
      48.22,
      56.32,
      47.39,
      74.16,
      69.39,
      56.44,
      57.87,
      51.55,
      55.13,
      66.24,
      53.87,
      60.51,
      76.54,
      40.19,
      45.82,
      23.54,
      26.87,
      24.12,
      16.49,
      34.02,
      13.08,
      0.0,
      6.0,
      18.76,
      16.24
    ],
    [
      35.82,
      59.16,
      62.38,
      64.28,
      65.67,
      76.55,
      65.23,
      67.58,
      71.22,
      73.36,
      69.11,
      64.77,
      66.12,
      49.9,
      65.89,
      64.85,
      54.21,
      62.23,
      53.16,
      79.87,
      75.31,
      62.43,
      63.37,
      57.46,
      60.94,
      71.1,
      59.73,
      66.47,
      82.52,
      46.15,
      51.81,
      20.59,
      26.92,
      22.2,
      15.6,
      30.14,
      16.34,
      6.0,
      0.0,
      13.99,
      18.61
    ],
    [
      42.74,
      69.26,
      70.06,
      72.23,
      74.81,
      87.0,
      73.43,
      74.86,
      80.64,
      82.39,
      77.72,
      72.81,
      76.86,
      58.72,
      75.39,
      74.65,
      64.87,
      71.48,
      61.53,
      87.43,
      87.06,
      72.84,
      70.11,
      66.76,
      69.41,
      75.1,
      68.51,
      76.2,
      92.48,
      56.15,
      62.59,
      9.51,
      21.52,
      13.21,
      12.14,
      16.51,
      21.15,
      18.76,
      13.99,
      0.0,
      20.78
    ],
    [
      22.48,
      50.49,
      49.67,
      51.93,
      55.15,
      68.28,
      53.24,
      54.31,
      61.1,
      62.57,
      57.7,
      52.54,
      58.62,
      39.12,
      55.99,
      55.5,
      46.84,
      51.93,
      41.57,
      66.9,
      70.01,
      54.33,
      49.45,
      47.34,
      49.4,
      54.55,
      48.69,
      56.96,
      73.24,
      37.68,
      44.78,
      18.03,
      12.81,
      15.51,
      9.24,
      28.93,
      3.86,
      16.24,
      18.61,
      20.78,
      0.0
    ]
  ]
}